561666719240843264
561666609962446848
561664110874861569
561660485352034305
561655841301209088
561654288842498048
561653568638554112
561652810576822273
561651532517875714
561651145928892417
561650964365451264
561650502107009025
561650416338104320
561650323878838272
561648316057137152
561646300463394816
561644057454473217
561625881215791104
561622132678205440
561618062961819648
561614512416366593
561614049092595713
561614028489764866
561613701971582977
561613499239899136
561613303969873920
561609909964636162
561608808896954368
561606952460242944
561606527921168384
561605011852242946
561604602140061696
561598733297917954
561595834119507968
561593045326757888
561591869453647874
561590619433607169
561589825237950464
561589523151585284
561587767361437697
561587501870362624
561586926961311744
561586707137847297
561586581459701761
561584742693216256
561584699152560128
561584477009637376
561584152013971457
561583832013750273
561583115697938432
561581933701111809
561581764091854849
561580544467542016
561579884963962881
561579819180519427
561579305583788032
561578897763217411
561578870017904641
561578349395726338
561577929868464131
561577699458940928
561577641405595649
561575872524996608
561575831206887424
561575480458223616
561574974386102273
561574713496178688
561574452665024512
561573980180869120
561573792485761025
561572450950201346
561572165913681922
561571931418529792
561571672307036160
561571068570533888
561571065709989888
561570959581536257
561570852421251074
561570576830312448
561569962842935296
561569481307475970
561569428668956673
561569097537032192
561567585628876800
561567284893065217
561567247328894976
561566643672076288
561565811278888960
561565286881845248
561565050268549121
561564770537836545
561564321692798977
561564186602655744
561563054979436544
561559454827958272
561559315115683840
561559089898352641
561558883232399360
561558454192832514
561558155168317440
561557582482251776
561557077953613825
561556350824882176
561555432310079489
561554848228069376
561554781760917504
561554631679946754
561553826961170433
561553099891163137
561553031083614208
561552877014253568
561551340959465473
561551067323060224
561550700522778624
561550034194669570
561549873452167170
561549826966687745
561549663921512448
561548488664952832
561548419303743488
561548345391730689
561547973046591488
561547864166645760
561547813176479745
561547579859947521
561547328281391104
561547311852298240
561547253094309888
561547008293736448
561546749899464704
561546679422574592
561546565886951424
561546193059479552
561546182263308288
561545519320027138
561544632082112512
561544476909666305
561544371762638848
561544368038092800
561544283740987393
561544241487556608
561544156129263616
561544040618143744
561543310821847040
561543300289949697
561542095119589376
561541141930442752
561540429930586114
561539469455925248
561538983759736832
561538853367201792
561538831816855553
561538415087595520
561538404530524161
561538054616522754
561538035255635969
561537866141298688
561537627468603393
561537591385010176
561537522690691072
561537509013082112
561537338313306113
561536798527352832
561536551759646721
561536383807160320
561536114293735424
561536105754152960
561536102780403712
561535696041967618
561532965034143744
561532834155085824
561532634585903104
561532382378221568
561532290866872320
561532245929123841
561531915413372928
561531837374554113
561531346653167619
561531239283171328
561530949394243584
561529638695223296
561529581061283841
561529233336709121
561529085776891904
561529057494704128
561528714182545408
561528587896254465
561526670239485953
561526323559297024
561526237613793282
561525986689568769
561525389198385153
561525041045991424
561524934560972800
561524919679582208
561524740675096576
561524707040960513
561524362797654017
561524110166347777
561524061025869824
561524018537594880
561523950602424320
561523440335998976
561523034373095424
561522887711281154
561522856111009792
561522681909374976
561522637286174720
561522472265474049
561522147848241152
561521982056185856
561521619026591744
561521492727713792
561521458837716994
561521223134638080
561521130218192897
561521110702125058
561520938098126848
561520816018710528
561520573193666560
561520099296022528
561520065787723776
561520031012769794
561519927195336704
561519919993749504
561519788527468544
561519704008065024
561519642146246656
561519550441979904
561519326969487360
561519150523494400
561519136216731648
561518392038137856
561518253319942144
561518146944000001
561517627311656961
561517545862488065
561517176398823425
561516852082651136
561516411718492160
561515951578177538
561515761085472768
561515585411223552
561514873872711680
561514872014249984
561514544577929216
561514307385827328
561514176632586240
561514055689834496
561514004649357312
561513057143517184
561513047450460161
561513032036409344
561512749893976065
561512612970905600
561512590963384321
561512427893030912
561512385966784513
561512365246918656
561512300839194625
561512023021068289
561511882734206977
561511874605633536
561511788718473218
561511696469331969
561511653632909312
561511514860158977
561511058704437248
561510828693028865
561510476912525312
561510475062841344
561510144425857024
561510052654505984
561507782340661248
561505649591615489
561505355923202048
561504750743879681
561501864932683777
561500728444088320
561500507945320448
561500371944996864
561500062891900930
561499955559665664
561499744028352512
561499740022792193
561499559021785089
561498076875997185
561497706729058306
561496598954663936
561495826238025729
561495738849693697
561494420068245504
561494174286221314
561494171668578305
561493452488458240
561493323312275456
561492339777343488
561492044548685824
561491624581410816
561491080571793408
561490857543860224
561490813583376384
561490774848991232
561490574835187712
561490131765325824
561489910604263424
561489882917634048
561489858028662784
561489636284170242
561489378695208960
561489354963828737
561489303768137728
561489155096846336
561488733955182594
561488381130326016
561488377749712897
561488322342965248
561487954141802496
561487551316627456
561487000239636480
561486347853373440
561486108094398465
561485930998267905
561485325185597441
561484723323936768
561484678059020288
561484145130733568
561483826569158656
561483812581158912
561483763000303616
561483607844585472
561483276880465920
561483073804861441
561482603522695168
561482549793681408
561482501848567809
561482459196710912
561482436740382720
561482362568314882
561481895071199233
561481693597810688
561481627386535936
561481439536246784
561481412126445568
561481342354206720
561481335592992768
561481218534154240
561481082269626368
561481075843956736
561481068629745664
561480998161240064
561480834998624256
561480652588335104
561480570715533312
561480564436647936
561480109606313985
561480047891341312
561479998947999744
561479969113899008
561479938935906304
561479904890728449
561479705497714688
561479677882417152
561479410923364352
561479357492117505
561479281285824513
561479153921556480
561478837461344256
561478800287219712
561478798840197121
561478777033981952
561478750832197632
561478623753175041
561478530610257920
561478443356131328
561478356873781248
561478267891634177
561478247528296448
561478214485544961
561478099343519744
561478091563085824
561477987309481984
561477855180492800
561477557116473344
561477387167485952
561477377960980480
561477330649235456
561477309140856832
561477119348588544
561477002734366720
561476991002886144
561476748077203456
561476605537972224
561476229107572736
561476217585823744
561476192046706688
561476117056720897
561476076162256896
561476029190275072
561475843890106368
561475562381017088
561475498665345024
561475343681593344
561475312023003136
561474762728558592
561474730696658944
561474584307073025
561474386038116354
561474375380381696
561474154831294464
561472478976163840
561472143306002433
561471791940771840
561471661393063938
561471132424237056
561470844363608065
561470758266761217
561470623046959105
561470303084482560
561470163678420992
561470106996592641
561469924519194625
561469804738265088
561469442157449216
561469370178600960
561469299790200832
561469218898866177
561469052712124416
561468847547760640
561468688633954304
561468563052302337
561468388980293632
561468170788429824
561467932904267776
561467867246657536
561467758807097344
561467660198629376
561467654440255488
561467319659282432
561467183126298624
561466851499474944
561466835854708737
561466630216372224
561466049397534720
561465630386552832
561465600669933568
561465494176550913
561465465256804352
561465387205017600
561465339180236800
561465302014521344
561465230291894272
561465170128822273
561465015702913024
561464950611525633
561464929958756352
561464430748528640
561464402936086528
561464171204976640
561464162782830592
561463991772258304
561463980351561729
561463848604286976
561463738323435520
561463717297414144
561463683881377793
561463522220326912
561463513286475776
561463266854318080
561463165528313856
561463023949590528
561462669501554688
561462529915109376
561462424210255872
561462076288540672
561462005669068800
561461738890358784
561461444555055104
561461362971656193
561461193018470400
561461191755984896
561460891187957760
561460861773303808
561460858157793280
561460746585112576
561460612010885120
561460541462679553
561460536664395776
561460503097401345
561460499712581632
561460416824766464
561460403059056640
561460359094370305
561460234104111105
561460052813697026
561460046320914432
561459992323432448
561459985939701760
561459819614580736
561459817135763456
561459816368185344
561459759346647040
561459747506094080
561459735812395008
561459709690257408
561459656821055488
561459649124499457
561459640706547713
561459639616028673
561459553041408000
561459469327290369
561459465334292481
561459446518644738
561459319410278400
561459272450863104
561459259071037440
561459217492893696
561459172634796032
561459141429198848
561459115080556544
561459087184248832
561459072483217408
561459060466548736
561459020314451968
561459008478142464
561458970637127680
561458896922230785
561458866484178944
561458853754064896
561458847018414080
561458845566783489
561458803666067457
561458771235328002
561458745733943296
561458732635553792
561458683285340160
561458525130723328
561458439239770112
561458412622708736
561458360504287232
561458338865885184
561458238680752128
561458001304100864
561457983813873664
561457921452965889
561457887609098240
561457873205870592
561457633606258688
561457298762375168
561457215429955584
561457044210065408
561456980192399360
561456834524225536
561456816421613568
561456765767012352
561456746414501888
561456679158820864
561456583969103872
561456473956712451
561456297724641280
561456079004241920
561455885600714752
561455823789252609
561455715660070912
561455683020021760
561455569798959104
561455204198273024
561455022308098048
561454762705825792
561454733278605313
561454648595587073
561454633550618624
561454502143066112
561454367577227264
561454230469632000
561454193790038016
561454161972436992
561454121694560256
561454028396457984
561454008066248705
561453892576501760
561453800134029312
561453683356209152
561453602867523584
561453547477536768
561453508168527872
561453498039296000
561453403600351232
561453249958785024
561453184213090304
561453102323470336
561453045473894400
561453012540219393
561453004743004160
561452959041880065
561452869703196672
561452828947148800
561452819795169280
561452771241902080
561452744641613824
561452704686686209
561452541029130241
561452192599932929
561452090648956928
561452008952315904
561451920754499584
561451776034209792
561451468667248640
561451331270242304
561451221853421569
561450649955864576
561450176137932800
561449913998118913
561449886730964992
561449557490683904
561449105084669952
561448779648598016
561448306619191296
561448173718482944
561448152008765440
561447945011470337
561447943803527169
561447927970009089
561447877311229952
561447812525981696
561447216259530752
561447155945463808
561447143215726592
561447085485342722
561446902731124737
561446853888462848
561446561453211649
561446311011287040
561446124561903616
561446012192321536
561445857074368512
561445097569812480
561444802353709058
561444745965502464
561444641879621632
561444454796890112
561444428637016064
561444414103764993
561444387201515520
561444369585438720
561444265658548224
561444209941819392
561443832936407045
561443714959024128
561443575150686208
561443103987757056
561443065752461312
561442553762185216
561441667920957440
561439784921739264
561438688220315648
561438565788557313
561437847388176385
561436039156604928
561435607797596160
561434130756694016
561431148497485824
561430736700715008
561428487186436096
561420295580712962
561418661282336768
561417893674774528
561403565118197760
561396023331794944
