809715692291444736
809680827571470336
800671234811826176
794545006329663488
781744816195526656
776716157785149440
776714714772561920
776712281837211648
776711253607809024
776710592442793984
776710592442793984
776709400014778372
776708891191177218
776708891191177218
773161591349121024
749849175337172992
749697633699172353
749690081754112000
749678044856586240
749671964403531776
749671964403531776
749664155922100224
749661780998103040
749661780998103040
749650496969908224
749342563967045632
749315182497763328
749274133566001152
749221006183718912
749208693292601344
749187574225334272
749154782682746880
749152297180102656
748218955823734786
747315577459355648
740842916755742721
740803635743952896
740803007504351232
740803007504351232
739123316565413888
739028726005047297
739016246751039489
739010518678183936
739010518678183936
736850421503959040
736848785343668224
736848785343668224
734761373582888960
722900641161424897
722698424794116096
722679406972571648
722140671998431232
718376922430980098
718358132028751873
718010634529595392
717645716412362752
717458030770659328
717457926626099200
717456834282577921
717456731236917249
717456682058653699
717456097670479873
717455167839453184
717455167839453184
717424506214678528
717350910456905728
717328481365987330
717321081988726784
717312820367462402
717312820367462402
717290466006450177
717280503930494977
717280503930494977
717266419788939264
717254296551759872
717250901124235265
717250901124235265
717236650347270144
717209579206156288
717181281432440832
717095645702651904
717095422918070276
717095422918070276
716984935203151872
716983446258769920
716981895595167745
716981895595167745
716693758910324738
716677075818700803
716650513958363140
716589617395474432
716588078991872000
716588078991872000
716393774008700928
716322799997026304
716320475123552256
716320475123552256
716275724378890241
716274011181871104
716274011181871104
716251886668611584
716249972136681472
716249388285296640
716249106356826112
716243842438209536
716242572256157696
716242505411530752
716241793898127360
716237628920754176
716237387286900736
716237387286900736
716235752003256322
716235441679245312
716228057426759680
716228057426759680
716220569079914496
716158566370000897
716026782525341697
715997963873566721
715995222786842624
715991569720078342
715982707818409984
715982707818409984
715971413870555137
715970490326781953
715969116440567808
715969116440567808
715961716312576001
715961224333303813
715958444793180160
715957996262531072
715957996262531072
715949020372459521
715945723146203140
715939381744414721
715938363400986625
715938339359232001
715936458486456320
715935749791752192
715935749791752192
715931676157812736
715930421003943936
715930349205893121
715929404648656896
715928879366582272
715927204400603137
715924705820205056
715922860460666880
715922823827615745
715922589642829824
715922549083779072
715922401096282113
715922401096282113
715917927158046720
715915832015134720
715914876099670016
715914819396833280
715913934998519808
715911572678422528
715911447444893696
715910332963799040
715909090678022144
715908364191068161
715908116794179586
715907852779577344
715907729936752641
715907092750737408
715906057432862721
715905909273280512
715905882521997312
715905882521997312
715904284307693569
715903894912679937
715903107234979840
715902168415514625
715902034789208065
715901608815632384
715901568739098624
715901460865806336
715901117754974209
715901092505190400
715901055079477248
715900992961789952
715900524143501312
715900424641970176
715900395944599552
715900331293585408
715900265828892673
715900124799627264
715900062862327812
715900009850531844
715899992859348992
715899911968047104
715899823367581696
715899801846616064
715899636217733120
715899598343114752
715899496375459840
715899273100005376
715899250987704320
715899248634630144
715899244398448640
715899232041975808
715899211313713152
715899199053803520
715899133912072193
715899109794844672
715899097815859200
715899092912746496
715899062508236800
715899056296431616
715899043898064896
715899010607943682
715898952697135104
715898908392759296
715898819695738880
715898664640770048
715898599331250182
715898382657667072
715898309592883201
715898299031678976
715898288273276928
715898246984544257
715898245579468800
715898179674308612
715898168433590272
715898057477525504
715897997490565120
715897983200530432
715897947678965760
715897944625561600
715897854867451905
715897794851115008
715897590735351808
715897520572993536
715897449185996801
715897176120016897
715897005567041541
715896948197298176
715896922834386944
715896550505979904
715896421497630720
715896391332134912
715896289553199104
715896255428341761
715896116542308352
715896080068698112
715895894839791616
715895831673618432
715895829014437888
715895793308340224
715895761783955456
715895743618420736
715895697753694209
715895638890823682
715895591742619648
715895548042166273
715895509706211328
715895501669924864
715895427132997632
715895369087979520
715895160123604993
715895103328530432
715895078833819648
715895050551619585
715894968200638464
715894950441984001
715894901230141444
715894900450004992
715894861900210176
715894756543475712
715894678864990208
715894592713965568
715894494760198144
715894427349291008
715894410542784512
715894409930416128
715894353022025728
715894315462107136
715894293106462720
715894283463749632
715894237905174529
715894208721260544
715894189402226689
715894108204744704
715893912800530432
715893889610215426
715893848954834944
715893812678230016
715893804247724033
715893803807334401
715893664384425984
715893650983632896
715893645757587460
715893587817455617
715893569656123396
715893434364637184
715893214360821760
715893205938659328
715893165375561728
715893135688249345
715893092298186752
715893000660992000
715892968838807552
715892934227394561
715892929391431680
715892916011601920
715892900152942592
715892780283904001
715892750357544961
715891564531286016
715890923834576897
715890468161200129
715890163256336384
715890163256336384
715888973445464065
715887783802511360
715886967360237568
715885444811071490
715885389966213120
715884523079221249
715883993766432768
715881367276486657
715880304590921728
715880227507933185
715879972695572480
715877221278343168
715877221278343168
715869113030037504
715866449127030784
715866449127030784
715806794656911360
715806377843752960
715800739524780033
715800739524780033
715790371058528257
715789309723471872
715789309723471872
715774236644782081
715623127770927105
715594612795117568
715584612391657472
715579939907641344
715579831342272513
715578388925300737
715578363218407426
715578355672870912
715578311552987136
715576922475008000
715576072327335937
715575576132771840
715575576132771840
715572195850891265
715571229231562752
715569037548384256
715567711150063616
715567613825458176
715566410391494657
715566309430456320
715565890310447104
715565377007259648
715564900421120002
715563723428139008
715561942866403328
715559812239638528
715559812239638528
715555104892579840
715554921479868417
715553991187374080
715553232978886656
715552374291562496
715552374291562496
715534307226480640
715531994671804416
715531383049994240
715530749672337408
715530599340056576
715530352828235776
715530352828235776
715517994034659330
715476000901959682
715475030075768832
715472151273275392
715472151273275392
715466849899548672
715450779335843840
715449530037174273
715448516592709632
715448461257228288
715448461257228288
715414658220314625
715301765890121729
715300807374159872
715300807374159872
715215451584929792
715214883378348033
715214740226703360
715214005699272705
715213741554593792
715212832116228097
715212816744071168
715212242418065408
715211577042079744
715211428920164352
715211428920164352
715209900146733056
715209712187400194
715208849746210817
715208082503110660
715207553630806016
715207075270234112
715206565834407936
715206376646189056
715206163386744832
715205953830961156
715205833597067264
715205713019142144
715205650758901762
715205301260197888
715204978441379840
715204813911228417
715204292240674816
715204278739185665
715204254160568324
715204083586633730
715203908751269888
715203870071398401
715203848097423360
715203621584048128
715203606333550593
715203382550528000
715202764389933057
715202673637777408
715202321928560640
715202209768714240
715201686617387016
715201632334651393
715199090540351489
715197819402002432
715197608604667905
715197580616015872
715196703192850436
715196354344173573
715195994699378688
715195818995806209
715195259362402306
715195259362402306
715194892440485888
715193408302747648
715192721649086466
715192325895536640
715191767025520640
715189504739581953
715188958980935680
715188958980935680
715172878396862466
715172292284780544
715171251824771075
715170041268973568
715169693817049088
715169459435134979
715166480426467328
715166480426467328
715162695721463808
715162294024585216
715162294024585216
715128012421906432
715118937902604289
715084611219488769
715073367464943616
715060394692362240
715060394692362240
715053568806486018
715052458138013697
715052458138013697
714885273801388034
714875007168602113
714862076326461441
714853462853492737
714853268745281539
714853268745281539
714723877587447808
713737975629287424
713736970166468608
713736970166468608
713667832400240640
713450192759029760
713293474288824321
713248132012851200
713225395940761600
713137787688640512
713130389464813568
713130389464813568
713053227751763969
713037787340128256
713030514404409344
712928359022534656
712891765892755456
712769913501388801
712767340040097792
712767340040097792
712033750981480450
710746399994990592
710504239450222592
710502356748787713
710502356685885442
710502356685885442
710398476350300160
710368080661225472
710366204280619008
710366204280619008
710361910684880896
710358312227885057
710358312227885057
710113878584205312
709832496024842240
709711843208667136
709709874490429440
709709874490429440
709593051203825664
709593027325648896
709592982429818880
709592926008033280
709592895725150208
709592895725150208
709375536888487936
709362584227598336
709362544893431808
709361950485028865
709361950485028865
709293269675581440
708000515221749760
707545883710242817
707479179382620160
707470429938655232
707470429938655232
704950134308741120
703180938147049473
700220733889187840
698177121030684673
698162368703021061
698161167638884353
698160695574183936
698156972198268929
698156868120797184
698155783045955584
698155783045955584
698142043567230976
698134983941160960
698134983941160960
698124318979551232
697426880127963136
696772353754324992
695643472989175808
695515015663783936
694603657451585536
694533712323678208
694523444034166785
694517702640168960
694517702640168960
693110344831635456
693102182829330432
693102049421037569
693102049421037569
693042854499852289
693025439095373825
693022743063703552
693022099787517952
693022099787517952
692719155494174720
692717112142516224
692717112142516224
691748802412298241
691745385979707393
691650069221789696
691638698711064577
691614834266378240
691613958235619328
691613958235619328
690852495875268608
690849073369333760
690849073369333760
690545213186641921
690457470146322433
690450627856601088
690450627856601088
690243224783421440
690242504315256832
690237880233541633
690237880233541633
690219818675486720
690217991452135424
690216113225998336
690216113225998336
690177944044593152
690174875214954496
690163331596816384
690162156373987328
690162156373987328
690159260760694785
690154705109061632
690154705109061632
690142537739276288
690116480889982977
690098893791608832
690098550148091904
690098550148091904
689947230988537856
689872272539140096
689872223528710144
689872223528710144
689828950944649217
689765805995728896
689764529077616640
689764523889262592
689757530499584001
689757432038338560
689754903401619456
689754892253028352
689754744793870336
689754744793870336
689566904785178626
689447614241046530
689425402327007232
689413482572189696
689394338892120064
689392535735705600
689391793826172929
689391045096775680
689390846181924864
689389540658667520
689389540658667520
689164621467521025
689158313137848320
689156615245709312
689156615245709312
689132752436916224
689123933640069120
689123933640069120
689054526997970945
689036579105587200
689036180290166785
689036180290166785
688984991095742464
688980773219758081
688980773219758081
688785213355331586
688783696376246273
688783696376246273
688764308881301504
688757898068013056
688757898068013056
688748116506468352
688747498798759936
688745306356318208
688745306356318208
688740001824268288
688739590648283136
688739590648283136
688716474966511616
688711959840165888
688711959840165888
687967467470229505
687954730744676352
687949874617303040
687949874617303040
687934931692064769
687932746568708096
687932318288314369
687932060951048193
687931707853504512
687931705785741312
687931535689969664
687931535689969664
687599759213871104
687598131580694528
687598131580694528
687562365160820736
687550016072871936
687550016072871936
687542180966105088
687523350466420736
687518347781648385
687518347781648385
687393206837747713
687375303728062464
687369362097967104
687367292720549888
687367292720549888
687337513111957504
687337292361560066
687337292361560066
687335609996828678
687330796508581888
687330796508581888
687317607888850945
687317310890217472
687314579978907648
687310326384177153
687306411513102336
687306411513102336
687301661543534592
687301453514444802
687301453514444802
687247310233927680
686929959105986561
686866141910810624
686865485565042688
686865485565042688
686843535102984192
686813405039169536
686807223893377024
686800984736161792
686800984736161792
686592964039163904
686588156733296640
686588156733296640
686577823847284737
686565536650649600
686565497492652032
686565381348155392
686565381348155392
686550166795587585
686520761234931712
686520476269703168
686509415982317568
686509415982317568
686505345439547392
686502591581192192
686499175501053952
686494331453181952
686494331453181952
686489547878862848
686489547866271744
686489169435176960
686489063008911360
686485393655644160
686481441069363200
686481265437048832
686481265420275713
686481265386733568
686481265386733568
686461485657251840
686448235662176256
686117718471360512
685830337730088960
685822479034519553
685798121817944064
685798121721430016
685798121721430016
685793266386735104
685793166075756545
685793166075756545
685734550236999680
685723576205316096
685723576205316096
685719583853035521
685578230254931968
685530049022394369
685528898550022144
685528898550022144
685498750668795908
685498336611295233
685498336611295233
685487849874046976
685487031871533061
685486374783336449
685483299234525184
685480885047705600
685480810749767680
685479518715404290
685479518715404290
685437046958223360
685433750839242752
685433750814081026
685432755178573824
685421663719129088
685421663668842496
685421190555537408
685421190555537408
685252436177612800
685224605557108736
685215924555743232
685195457958686722
685104727051362304
685102423002746880
685102423002746880
685097000740720640
685071693187014657
685070899817521153
684771255476719616
684764527930519553
684762022223982593
684762022223982593
684699086583414784
684698892391288832
684698892391288832
684690932881600512
684663966535159808
684404161081946112
684399997459251200
684398981980372992
684398981980372992
684384856860700672
684341069329350656
684308515691839488
684264404687405057
684238573047025664
684112280661954560
684111895268294657
684111895268294657
684100899086585856
684098324186697728
684096736894267399
684096736894267399
684059249148690433
684047343746953221
684047343746953221
684044144885415936
683977323767398401
683958086911062016
683957765455384577
683955004818993152
683954835062943744
683954747729129472
683954747729129472
682486071461048320
682462853044002816
682276382089568256
682276316046082048
682276211335147521
682276118632742912
682276074156355584
682276074156355584
682234686509301761
682227560130973698
682158722433560577
682149508403343360
682136143320711168
682131902619365376
682131427635277824
682131427635277824
682111930589409280
682110099213709312
682098558137319424
682098558137319424
679768050137231360
679600295966576640
679600191696203776
679600191696203776
679579325772001280
679258073836470272
679217243021025281
679216152040644608
679214180717748224
679214180717748224
679202712161005568
678850781232123904
678847909123792897
677959959703887872
677794897785724928
677786868914790400
677786568447434752
677784053425270784
677782846069673984
677782846069673984
677782266999873536
677775160481587200
677612856712523776
677464801203888128
677440528041029632
677440427218370561
677440113127854080
677439958899105792
677439849964707840
677428893343744000
677425853278633984
677422363328294912
677418358845911040
677417433133686789
677227655113138176
677227655113138176
