533046163750928385
533045529987809280
533044382841462784
533043853574815744
533043700168130560
533043604353462272
533043017452904448
533042403033505792
533042202877100032
533041245351084032
533040528016044034
533040119708545024
533038624020107265
533035919239290882
533035919239290882
533034566471385090
533034350221479936
533034016732368896
533033743628648448
533031985137336321
533029060516257793
533028632172986368
533028514367565824
533028419723083776
533027741189558272
533027598620983296
533027498276446208
533027385307062272
533026172192686080
533026044434219009
533025173692497920
533025032361238528
533024846272552962
533024800646909952
533024609822859264
533024518475104257
533023214696267776
533022469066883072
533021851187175424
533021704122302464
533020529654239232
533020498041798657
533020498041798657
533020099134103552
533019786566189056
533019625404264448
533019583184392192
533019092446629888
533018989249966080
533018866604322817
533017162332782592
533017077733289984
533016853422276609
533016666784141312
533016549045440512
533016472994721792
533016383790252032
533016137806929920
533015899624996864
533015430739550209
533014001173942273
533013960233349121
533013621794963456
533013011272044544
533011593983188993
533011580342919168
533011538647715840
533011474122539008
533011221424123906
533011044495790082
533009998230847489
533009097499877377
533009075785957376
533009044819435522
533008984744415233
533008937516539905
533008763033513985
533008713364545536
533008624231399424
533008547953795072
533007922549501956
533007883211145217
533007730911768577
533007619100000257
533007574812356608
533007522794594304
533007501688848384
533007466905493504
533007147135934465
533007081054687232
533006249022226432
533005823061262338
533005813548580864
533005613392220161
533005594505273345
533005581343522816
533005560388808704
533005492264914946
533005325415505920
533005242544439296
533005242544439296
533005189037699074
533005096377143297
533004894748573696
533004856832061440
533004711105155072
533004587318648832
533004523099684864
533004279939072001
533004264235618304
533004209965506561
533004107301527552
533004019648970752
533003858365382657
533003857576878081
533003785837490178
533003694078717953
533003553225588736
533003386342637569
533003224270508033
533003197179506688
533003006384820225
533002888080277504
533002742240120832
533002697725984768
533002680999084032
533002619451867136
533002605069598720
533002581350838272
533002477474680832
533002406406402048
533002304526761984
533002228060405760
533002048099594240
533001792183754753
533001666241765376
533001461861720064
533001266625261568
533001204239171584
533001200653041664
533001111951921154
533000931269685248
533000679036833793
533000641351000065
533000630886203394
533000577207533568
533000543212691456
533000455992135681
533000356226408448
533000252488704000
533000239201128448
533000238932320256
533000098364792832
533000089875517440
532999864804982784
532999800464355328
532999391393886208
532999323731369984
532999299400224768
532999015168999424
532998749589880832
532998720934412288
532998697186230273
532998688218828800
532998454377992192
532998453908213760
532998408769118208
532998337658904576
532998284571602944
532997932761776128
532997784493101056
532997727744163840
532997620416122880
532997604008034304
532997543668760577
532997314827137024
532997287593906176
532997234569510913
532997228542324736
532997158652641280
532997139958603776
532997055216885760
532997038913650689
532996962954797057
532996821925494784
532996695517560832
532996520682205184
532996426822074369
532996261751054337
532996227940761602
532996224862158848
532996198471573505
532996170755608576
532996056955772929
532996026970689537
532996015805452288
532996000269754369
532995952744079360
532995893541482496
532995887061303296
532995839363657728
532995836230533121
532995831516123138
532995821231669248
532995793620578305
532995791804452865
532995784384720896
532995735563026433
532995725970644992
532995719901495297
532995622144864256
532995542620831744
532995272855814144
532995247245389824
532995134997426176
532995045381914625
532995008862113792
532994974246518784
532994848740347904
532994827429117953
532994791274192897
532994776782884864
532994766439710720
532994743375265793
532994719174131712
532994692091486208
532994637913669633
532994602962550784
532994537967587329
532994477108240385
532994435739836418
532994269972529152
532994136237174784
532994080490676224
532993586552643585
532993469544144896
532992786686283777
532992688657006592
532992372083539968
532991853092958209
532991654870151168
532991647341355009
532991500582666240
532991350585978880
532991297922281472
532991260832047104
532991079164166144
532990871747428355
532990866227752962
532990750934708224
532990725567561728
532990433639800832
532990409467650048
532990409073778688
532990386265157633
532990335123992576
532990200394555392
532990200394555392
532990056332795907
532989722948567040
532989709111554048
532989450687881217
532989399513186304
532989192989839360
532989119694381056
532989022847897600
532988972537225216
532988736913833984
532988630265233409
532988626297442305
532988603178442752
532988572786507776
532988490443948033
532988436777816064
532988277490720768
532988147337277440
532988045965164544
532987988117307393
532987913701949440
532987872824295424
532987851571748865
532987840918192128
532987797721067520
532987687192760321
532987484431716354
532987477087113216
532987367653912577
532987366412419072
532987242755948544
532987226133917696
532987181355532288
532986868703694848
532986644048400385
532986548942168066
532986454251962369
532986228984258560
532986225058410496
532986215252115456
532986154342445058
532985939338227712
532985893565784065
532985868261548032
532985816042450944
532985760040112128
532985628389310464
532985627391053824
532985596055388161
532985463196639233
532985236691636224
532984952397529088
532984752832516096
532984541322178561
532984438716915712
532984430344667136
532984396253777921
532984375772975105
532984361420062720
532984352159068160
532984349470498816
532984327551066113
532984324451467264
532984304847294464
532984161360154624
532984120746713088
532984109279502336
532984076178038784
532984010532986881
532983915632672768
532983852822953986
532983849761124352
532983768941101056
532983546177417217
532983420184723456
532983343395385346
532983294305259520
532983280430485504
532983256564920320
532983067544412161
532982956869292033
532982931871264768
532982859007795200
532982810391609346
532982799884894208
532982729047285760
532982677188902913
532982638974599168
532982568560635904
532982101646536704
532982082465955840
532982080570130432
532981975230189569
532981865771442177
532981799958634496
532981634199744514
532981521901056000
532981443606364160
532981400786714625
532981327084396544
532981257354113025
532981160897691648
532981068417478656
532981059487805440
532980925823721472
532980901106688000
532980721057796097
532980706029621250
532980600190566400
532980588207415297
532980547585601537
532980434100305920
532980362360938496
532980326927454208
532980300822097920
532980273580085248
532980146937270272
532979996055597056
532979957010808832
532979896075972608
532979630740111360
532979560862973952
532979522162159616
532979409838284800
532979401567522817
532979221216645120
532979219597623296
532979176069165056
532979066157400065
532979050382643200
532979026449948672
532978999874822144
532978890013437952
532978871713681408
532978823516942336
532978660803104768
532978508600188928
532978486634643457
532978379990261760
532978296792039425
532978267503202306
532978080873451521
532978048652836864
532978043980357632
532977769794506754
532977697325342721
532977692132794368
532977639049658370
532977407566024704
532977179450417153
532977127021637632
532977036625997824
532976873001979904
532976746669547520
532976744446586880
532976723798024192
532976527206785026
532976432654610432
532976369630982144
532976368423038976
532976313674788864
532975956760461312
532975940801167361
532975853370867712
532975595207266304
532975408955031553
532975334585819136
532975089042874368
532975089042874368
532975045447282688
532974994280968192
532974989398794240
532974897761615872
532974698301521920
532974614306361344
532974600578404352
532974572120080384
532974529489145857
532974489105993728
532974485700218880
532974469154086912
532974419841658880
532974404339507200
532974331077595137
532974262349729792
532974109316374529
532973988814028802
532973729434071041
532973715185999872
532973215350804480
532973197311082496
532973154533384192
532973139916230656
532973077064601600
532972885816926208
532972672805007361
532972641058299905
532972616441921536
532972549186285568
532972540327886848
532972482530009088
532972476935188480
532972384916369408
532972376418697216
532972316595343360
532972294763974656
532972228523335681
532972215822983168
532972162572115968
532971944573169664
532971941247086593
532971903884201984
532971884007403520
532971819339624448
532971777279143936
532971676431294465
532971645947084802
532971403205955584
532971341381906432
532971297220096000
532971066038435841
532970929618702336
532970838577119232
532970461131722753
532970339098456064
532970333062856705
532970298661163009
532970295729356801
532969994712526848
532969929331732480
532969905742557184
532969725358510080
532969369236951040
532969197585047552
532968644570267648
532968551943245825
532968384108167168
532968269444284416
532968199189708800
532968109297381376
532967968167440384
532967967852883968
532967731038285826
532967491761635328
532967439168851969
532967295665328128
532967070104031234
532966861567426560
532966552438837248
532966386273091584
532966370762571777
532966341146595329
532966217091653632
532966134203842560
532965915059822593
532965806024687616
532965555637321729
532965485919621121
532965434224820224
532964627274297344
532964339565998080
532963948891746304
532963439883595776
532963172932939777
532962607477850113
532962523621122048
532962468923195392
532962394188689408
532960835879333890
532960638415691776
532960383443939328
532960377672187904
532960377672187904
532959606226833408
532957355051585536
532956962040717313
532956876523470848
