746161825029447681
746025090609971200
746024030910709760
745958858959523840
745912678154141696
745856492885114880
745815113718956032
745785792065306625
745770952496136192
745598981342887936
745594422084132864
745585454267965440
745585436500819968
745585346407243776
745548996689559553
745543307770494976
745540237330255872
745539999680995328
745538880657469440
745525044525203460
745521774004080640
745520795967860736
745520780683841536
745519737602334720
745510832134459392
745510535936913409
745508694285131780
745452292472606720
745389551741435904
745362022867566593
745358877609369600
745358864678289409
745355295367565317
745355036667092992
745340517395857408
745338830031585280
745336764055887872
745334399420469248
745334354008748032
745331830694547456
745330936947027968
745323366320603136
745320443305988096
745320133510438913
745312264476065792
745311899714191360
745311857871839232
745310213247537152
745301123318300672
745300981622181888
745300170112405504
745293833135603714
745291007198117888
745281630399520768
745274466993725440
745271698719649792
745270058163773440
745268098413043712
745266748337827840
745251081530269696
745249018431873028
745243468893659137
745242857460609025
745241524506660865
745237931338539009
745234713435082752
745234127020953601
745233726339186688
745233237413343232
745231890307751936
745231834208997376
745231789132812288
745231731939213312
745231605439037440
745231519992668160
745231483170922496
745231318343102464
745231286491619328
745231237762154496
745231215893032961
745231159811006466
745227946806349825
745227689691254784
745218460859367425
745201452189097985
745201358114951168
745199204830687232
745191376334262272
745188623557992448
745188554507227136
745182506643775488
745175205664825345
745173578019004416
745172753146249216
745172644320813057
745159775009144834
745159034941014016
745158986194837505
745144259653701632
745142274380566530
745123581743403008
745118257741332484
745098221576347648
745061857707331584
745021881456156672
745021465649680384
745020626138726401
745014913341493249
745007911714299904
745003022820990976
745000381034422274
744997695270559750
744981090079748096
744980240036995072
744979384168218624
744978826296463361
744977840907640832
744975804661108736
744961044150358016
744955178630135809
744954925189373952
744953656311713795
744939120334671872
744936597716500481
744923537765466112
744922349733052416
744919478102794240
744918521285578752
744918258441162752
744915110758592513
744915104932728832
744915035777011712
744914786857652228
744914732860190720
744914582225981440
744912454824628224
744912075491774464
744911393619599360
744910829439619076
744910321542897664
744894146163335168
744887256905842688
744886345408065536
744885618308571136
744878524796964864
744878454714339328
744878425727447040
744878337399656448
744878304344276993
744864485991645184
744864050270572544
744857342487965696
744856733311459328
744856729230376960
744855005992259585
744854415375474688
744853093767077888
744848691836624896
744848528216825857
744848218991763456
744844589635371008
744843823684198400
744843361878740992
744843253653082112
744843197956890624
744843169754456064
744842857844965376
744839893139001344
744839588741525504
744839111131922432
744838701717532672
744838397873754112
744836289044881408
744836286742151168
744836148271390721
744836148153958400
744836062468575232
744835252540018688
744834399997403136
744834293655080961
744834230526611456
744831702959267840
744826012601565184
744825968557174784
744822509481013249
744822490774409216
744816983170916352
744814005722587136
744813997086515200
744812839982891008
744812612244774912
744812346493657088
744812112740921344
744810279335190528
744809927613440000
744807936866680832
744807288221798401
744806001220587524
744802120214319104
744796466787430400
744796401133985793
744794847349858304
744794725060775936
744794506059362305
744792248366202880
744788683664957444
744788412113137665
744788412096352257
744788412083757059
744788406245351424
744787844258889729
744787372366168064
744786854264745985
744784479269457920
744784093036982274
744783478676299777
744783299847979008
744781338943750144
744779875781771268
744779875001630722
744777890340864000
744777578242670592
744775075321286656
744772322041675776
744765969625669632
744765707276197888
744765491156221952
744749630437662720
744748443072077824
744748373752807424
744737128274366464
744689663139549184
744686341586198529
744665144832200704
744655657438183424
744650059850092544
744647032065892354
744646516711690240
744646350093049856
744646332435030016
744645533004873728
744645289374588929
744642864735469569
744642811702689792
744642499667496960
744641389212897280
744641347878031360
744640779835019265
744633847376187392
744632909634674689
744632302769217539
744631762530238465
744630807843770368
744630509423165442
744630400639721472
744627954001543169
744627608286019584
744627493408215044
744627275912613888
744626799565479940
744626773938278400
744624939551039488
744623754785984513
744623095290396672
744621868997611520
744621252657176578
744619062441943040
744618006483853313
744617755853361152
744617521924444160
744617122928664576
744616883442356224
744616756602376192
744616719075909632
744616701396922368
744616683705339904
744616649802846208
744616626411167744
744616108179734528
744616079926923264
744615056101543937
744614881861697536
744614758964428800
744614444311912449
744612439895969792
744611852244619264
744611483527577600
744611483481411584
744611426564718592
744611254224957446
744610768931414016
744610675889180672
744610207423139845
744608033347616768
744607709547356160
744606869445017600
744606374873694209
744605704841994240
744605300955713536
744605276158988294
744605126380367874
744604134020620293
744603457823346688
744602170104877056
744602124999352325
744602124961648640
744600794591301632
744600604232781824
744600536180219904
744599814042689536
744599517652258816
744599327943856129
744599291797340160
744599193780625408
744598992303054848
744598886187163648
744597515329282052
744597436262420480
744597271111733249
744597252249903104
744597168342859777
744597114949341184
744597095357743104
744597075489357824
744597069436960768
744596844039249924
744596721271967748
744596585070342144
744596576224555008
744596485459808258
744596249215631361
744595771601879040
744594639840231424
744592006345854977
744591957763186688
744591656637300737
744591265635897345
744587801090461696
744587707704279040
744587666373623808
744587641870508032
744586954646392832
744586490416607232
744585500401541120
744585358629810176
744584317645561856
744583378100420608
744583273058340864
744583184961118208
744583131928354816
744583080833392641
744581261424005120
744580583225954304
744580565110755328
744580554675236864
744579393058660352
744579231976423424
744579143002652673
744578428519780352
744578307530829825
744577715110580224
744577353137938432
744576743068020736
744576510284173313
744575950982119424
744575899115331586
744575889468440577
744574134798196737
744574112249581568
744573823001968640
744573813367668736
744573741372481536
744573187598483456
744573084225703937
744572955108188160
744572709560934400
744572520603484160
744572185918971904
744571604148039680
744571389970087936
744571344302505984
744571086931640321
744570793959563264
744570697234649088
744570375003062272
744570307625746432
744570117112078336
744570056525365250
744569986459500544
744569880977018880
744569806561607680
744569719257169921
744569535123046400
744569300518903809
744569213751296000
744569164103319552
744569155840581632
744569119073239040
744568951267524608
744568666910515200
744567995511431169
744567709950746624
744567618225455104
744567339534917632
744567307582734336
744566995346202624
744566950857158656
744566762000257024
744566741523664896
744566624708075521
744566600255283200
744566572421890048
744566504931364864
744566425214390272
744566408093306880
744566307048275968
744565644323074048
744565028620099584
744564985683189760
744564984785543168
744564662927298561
744564110621286400
744563497401458688
744563035105288192
744563006680498176
744562980948312065
744562605461803013
744562292189175809
744562251621871617
744561755930636288
744561216668991488
744561195441618945
744560806856171520
744560589620527105
744560248854351872
744560113294409729
744559948651184128
744558832454615040
744558495064797184
744557123674189824
744556865292500992
744556644760231936
744555865592709120
744555863671717888
744555426331525120
744555011607236608
744554856321548288
744554681368780800
744554653061423112
744554605544153088
744554328371924992
744554263326654464
744554262802350082
744554154060845056
744554071416266752
744554057327591424
744554010544340992
744553942412034054
744553936116453376
744553920899465216
744553889270239232
744553870773325825
744553861713629184
744553773574533123
744553450428571649
744553408561053696
744553228843491329
744553058663800832
744552964661125120
744552927487008768
744552921833013248
744552688638111744
744552521067266048
744552319740747782
744552296403570689
744552237175824384
744552236857057280
744551316958117888
744550578886422528
744550247595114497
744549703191248896
744548937189691393
744548910149046272
744548032025346048
744547969710587904
744547875959472128
744547106283728896
744547015154085888
744547012796899328
744546378303610880
744544907331772416
744544752218030080
744544677429452800
744544639873581057
744544568750841856
744542699898945536
744542363691921408
744542124109107200
744542043163222016
744541410406305792
744539795200712704
744537861047848961
744536953979346944
744536802250334208
744536763390115842
744536541830201345
744536060328280064
744536052170371072
744535777162502145
744535072120967168
744535066647347201
744535010800173056
744535010431111168
744534937315966976
744534933188788224
744534892692774913
744534857691336705
744534847067131904
744534824573145088
744534801084989440
744534770122625024
744534758688948224
744534558301917184
744534457525362694
744534418153443328
744534399383965700
744534381931413504
744534381763649536
744534358606897152
744534351199735808
744534307197288448
744534277593915392
744534247092936704
744534246266646528
744534194022457344
744534179996647424
744534166608424960
744534161541599232
744534141346152449
744534117434466304
744534031480520704
744533845735804928
744533531620163585
744533463047495680
744533365789982720
744533035568201728
744533003494383616
744532998209609728
744532923118985216
744532883910631425
744532880022446080
744532709691756548
744532634278191105
744532568851230720
744532484931657729
744532273840660480
744532197328191488
744532173181562880
744531701263667202
744531587514114048
744531550038016000
744531484153905152
744531293514383364
744531199037693952
744531053424041984
744530672988098560
744530591866060800
744529979027918848
744528670182805505
744528615258324993
744528517292040193
744528208083693568
744528140723195905
744528124050804736
744527896992161792
744527889677291520
744527610521206784
744527456212815872
744527127383580672
744527102502928384
744527001936080896
744526803641970688
744526737300684801
744526589866672128
744526398107357184
744526221183225856
744526208487002112
744526166351093764
744526073304588288
744525999514202112
744525844811497472
744525436131086336
744525425796354048
744525143679053824
744525076217888768
744524851919069184
744524848857219072
744524799947513857
744524606963392513
744524360183128064
744524256009125888
744524250560729088
744524227743711233
744524175612723200
744523932095619072
744523856942108672
744523661596590080
744523549218639872
744523396592074752
744523354112143361
744523341382488065
744523329843912704
744523303029735425
744523279478685697
744523254816186368
744523106333646848
744523090181427200
744522988926738433
744522864561393665
744522723410444288
744522630804418561
744522625637048320
744522518443208708
744522364621365248
744522274779303936
744522109779582976
744521896318861313
744521841985884160
744521650532663296
744521644308312064
744521513420886016
744521391723024384
744521271728312320
744520901518049280
744520876209606656
744520793393078272
744520725428576256
744520615818821632
744520410855792640
744520366060503040
744520344619335680
744520174686986240
744520139173879808
744520087869100032
744519803990323200
744519532316753921
744518554767269888
744516149442813953
744515142520430592
744514999981346816
744514791159504896
744514642999939072
744514503572873216
744514092208119808
744513862540660736
744513706650963968
744513591420792832
744512998874750976
744512939827277824
744512599962816512
744512509911175168
744512414331322368
744512373587841024
744512362531688448
744511956128784384
744511219793539072
744511094815866880
744511050331136001
744510993561157632
744510946232668160
744510829161218048
744510738971115520
744508869813080064
744508382053302272
744508330849239044
744508077475532800
744507715616120833
744507655503360000
744507179223355396
744506946959642624
744506928005517316
744506541865336832
744506474555146240
744506306191630336
744505656825221120
744505390554021889
744504545720537088
744504291419951104
744504206585958400
744503919292915713
744503898862399492
744503737322967040
744503533052039169
744503494837669888
744503397831802880
744502460333572097
744502203143028736
744501572227391488
744500630790803456
744500222466850818
744499847168925696
744499618810105856
744499168660623360
744499078701146112
744499051635302400
744498901533753344
744498859242569728
744498356689436673
744498301916033024
744498199235276800
744497893134970880
744497872750645248
744497602507440129
744497533523746816
744496408850477056
744496350704840704
744496174153998344
744495742522376192
744495510451523584
744495013430706176
744494873210929152
744494743447605248
744494407496261640
744493909036929029
744493871015596032
744492793322672128
744492586182844416
744492353243721728
744492087366787072
744491659291992065
744491613137809409
744491499182759936
744491384388878336
744491047930175488
744490131248320512
744489810761519104
744489676787032064
744489610022125568
744489593421049856
744489520767336448
744489429738323968
744489349329391616
744489279980769280
744489252357017600
744489067090448388
744488761443090432
744488626294231040
744488395980869632
744488341358415873
744488213016944640
744487993478524928
744487837941268480
744487696555458560
744487607049019393
744487599453110272
744487447585751041
744487238755565568
744487041455501312
744487024334348288
744486998006726656
744486538340360192
744486491984957441
744486472850546689
744486427862384640
744486402629468160
744486300514918400
744486261428260864
744486233053724672
744486175893762048
744485213238083584
744484325077450753
744483737849696256
744483552889278464
744483308583718912
744482560777003009
744482519630774272
744482291854909440
744482125009850368
744481766828834816
744481137217642496
744480591131840512
744480518989844480
744480376719052800
744479031031140352
744478870934532096
744478340036321280
744477819892301824
744476952686432256
744476148604731392
744474989752164352
744474953546862592
744474930322956288
744474196500189184
744473735831371776
744473414262489088
744473113669304320
744473092890763264
744473031339352064
744472835230437377
744472700995969024
744472165051949056
744471785740050432
744471600611889153
744471519716315136
744470563889025024
744470467889733632
744470281033498624
744469865898123264
744469853726203904
744469649857843200
744468531778101248
744468231436525569
744467744704372736
744467378885505024
744467194596188160
744466819025616896
744466299787575296
744466211430404096
744465633434279936
744465633404948480
744465556129071104
744465408300847105
744465323970207744
744465306731618304
744465306723160064
744465271734296576
744465209713115136
744465203207806976
744465182181699584
744465138254753792
744465094118154240
744464992498483200
744464970532986880
744463999580905472
744463905011994625
744463904974249984
744463492913168384
744463356799647744
744463222221246464
744462825385566209
744462675237830656
744462472329965568
744462328905764864
744461905952112640
744461691816185856
744461568231018496
744461459791413248
744461319827525632
744461298990190592
744459818975510528
744459508286693376
744457700445032450
744456872938340352
744456291054133248
744456159529140224
744455111095771137
744455031651467265
744454970922131456
744454968074190848
744454968007065600
744454807407198208
744454614943141888
744454563072204801
744454122347298817
744454099207393280
744453914506964992
744453896802803712
744453245888831488
744452636380897280
744452176710340609
744451672831832064
744451364609232896
744450844633014272
744450780590137344
744450738496114688
744450697991753728
744449759948185604
744449714985238528
744449667778355200
744449605203537920
744449537150980096
744449514342334466
744449453050986496
744449299023536128
744449244174622720
744449156056485888
744449125949792256
744449044609703936
744448946194513920
744448859326259200
744448623887409152
744448618296377344
744448594816663552
744448540294942720
744448489778712576
744448471382491136
744448237906632704
744448212216459265
744447954879119360
744447659235217408
744447515177717760
744447440300941312
744447387570036736
744447222767620096
744446979628011520
744446299320180736
744445944641490944
744445359368310784
744445116111294464
744445051057627137
744445020153974784
744444938646065152
744444752515506176
744442893805494277
744442800045965312
744441030984994816
744440963377074177
744440702801711104
744440595834245120
744440011517472768
744439642729046016
744439536642580480
744438982147203072
744438533587361792
744437687566868480
744437428442796033
744437295244271616
744437282573291520
744434685053444096
744432281830424576
744432272397447168
744432148292182016
744431556434010112
744431429275230208
744431335746441216
744430964718321664
744430819356381184
744430736938274816
744430717334093825
744430708119179264
744430684467503104
744430241112801280
744429987642642432
744429631646863360
744429411462701056
744429149826256896
744429071027798020
744428876479209472
744428474035740672
744428324827586560
744426965256540160
744425895285428224
744421449071497216
744421032178683904
744421017175662592
744420912724844544
744420416740073472
744415108969996292
744414880413982720
744412869962391552
744412580647677952
744412499290787840
744412481318227969
744410976401899520
744410840661692416
744410839004889088
744408757665431552
744408656800780288
744407651321257985
744407591783112704
744407110088269824
744406732584140801
744406508868370432
744406178789208064
744400588910264320
744398237008801792
744398047292047360
744394140482420737
744344086526758912
744330904856846336
744322834604883969
744320079752466432
744319437059330048
744305307749318656
744303879345553408
744303112643559429
744302889154281473
744301332761288705
744301128947490816
744301023070724096
744300184692199425
744299001172856833
744298864727982081
744293995707269120
744293866040397824
744293766224314369
744293716278579201
744293696804294656
744287336737964032
744285561779789824
744284984157048833
744284889533546496
744284281908912128
744283882615410688
744283815904952320
744283801279467521
744283573964832768
744283214282264576
744283181252128768
744283037014368260
744282980508704768
744280552216342528
744279987533025280
744279817823059968
744279685345976320
744279605557792768
744279061220974592
744278043036876800
744277974833336320
744277951504592896
744277575359401985
744277389618855936
744277224694628352
744275698743902209
744273654968651776
744273592553189377
744272550386073600
744270963500589056
744269178467606528
744269119965507585
744268006935695369
744267997674627072
744267833656283137
744267734771470336
744267421238837248
744265346421424128
744264182703480832
744263950603190272
744262121874022400
744259129192091648
744258097976381440
744256640950599680
744255495809048576
744255343547539456
744255104518332416
744255057294548993
744255014349201408
744254953728937984
744253826425839616
744253419901325312
744253383209422848
744253020406415360
744251889366274048
744251790892404736
744251426449260544
744250829302042625
744250298521292800
744248387059523584
744247459015196673
744246623518130176
744245918904508416
744245865867546629
744245813283545088
744245646958407680
744245410043203584
744242669921140736
744242388265209856
744242034584723456
744241800374849536
744241669374099461
744241593771757568
744240579119296512
744240041736581121
744239708788633600
744239590446358528
744238756887134208
744237433940754432
744236652822958080
744236466457481216
744236263302127617
744236083446165504
744235946086895616
744235478069682176
744235246430871553
744235228051431424
744234671676985344
744233989465059332
744233790067834880
744233436752265216
744233351146504192
744233225363546113
744233098162778112
744232134622191617
744231746535886848
744231701988007936
744231562921771009
744231438401290240
744231421821095936
744231237355704322
744231001753288704
744230816335695872
744230752091504640
744230711226400768
744230501314076672
744230329267949568
744230121914130433
744230107137609728
744229872680247296
744229867558965248
744229853864538112
744229717121851392
744229651044761601
744229571843743744
744229551249719296
744228657976217601
744228552963391488
744228523737505793
744228511993503745
744228494498996224
744228486143938560
744228255083958274
744228203330441220
744227989328527360
744227986040184832
744227910349791232
744227862404800512
744227826379927552
744227794784256000
744227741910863872
744227643302764544
744227463979540481
744227216066740224
744227206268882944
744227114036002816
744227003172261888
744226849342038017
744226704629993473
744226683482419200
744226450811813888
744225709791469568
744225062530646016
744225033871044608
744224292540391424
744224159006228480
744224127293104128
744223755283529728
744223616053698560
744223487661903872
744222873322029056
744222777960390658
744222557872742400
744222495197265925
744222229840404481
744222223892873216
744222198831980544
744221870715600896
744221442502340608
744221172632530944
744221002587062273
744220916847108096
744220737674874880
744220719152771073
744220387916058625
744220202397798400
744220174673453056
744219850948620288
744219820124700672
744219633440301057
744218735850958849
744218700878856196
744218663675437056
744218650324963328
744218593118793732
744218510780473344
744218462524968960
744218249714368512
744218224988938241
744218179661070336
744217987314487297
744217959636344832
744217926438424581
744217525924265984
744217451437633538
744217298672685056
744217249058258945
744217078421397504
744217019579531265
744216905922260997
744216777333276672
744216752880553987
744216707401662465
744216648903692289
744216236767199232
744215790770077696
744215491108028416
744215454059794432
744215354612785156
744215133816295426
744214946129534976
744214928421158912
744214765300486145
744214478733074433
744214425595428864
744213926481661952
744213674076868608
744213605671903232
744213379385024512
744213240733892608
744212944200826880
744212822389833728
744212820619833344
744212663987806209
744212596870512640
744212380385705985
744212338350370816
744212310684753920
744212176135655424
744212086562164736
744212016508854272
744211922334154754
744211761046355968
744211727982727168
744211711536816128
744211665395326980
744211601465708544
744211571342217216
744211554128789504
744211520758882304
744211516992425984
744211490471841792
744211469663870976
744211406292135938
744211375506001920
744211336050126849
744211300927049728
744211091690033152
744210945703088129
744210805651046400
744210451131666432
744210410161700864
744210297053978626
744209758010347520
744209744022409216
744209684622544896
744209666972983296
744209645011623937
744209613600489472
744209555299639296
744209529575989248
744209448877559809
744209375758254080
744209348289794048
744209327603482624
744209304459317248
744209283944939520
744209249945923584
744209219394633728
744209086003163136
744208404181311488
744208286048788481
744208244206346240
744208123762716672
744207918896132097
744207908829863941
744207504775716864
744207371958886401
744207336156307456
744207318238302209
744207264047824896
744207107042476032
744207073165049856
744207041686802432
744207034292244480
744207034279657472
744206997315293185
744206950800437248
744206895704072192
744206877328826368
744206843921203200
744206834911821824
744206834530148352
744206784227909633
744206775319207936
744206761100447745
744206720545722368
744206716665991168
744206669970800640
744206430333505536
744206150476898304
744206059175292928
744205950068862976
744205829776248832
744205553405149184
744205473331744768
744205447075332096
744205348890804226
744205329332854785
744205215193309185
744205160663126016
744205148692582400
744204720059867137
744204647515197440
744204135390679041
744203930817732608
744203807782014976
744203805634478081
744203770532356097
744203705583603712
744203653960048640
744203611266236417
744203597043339264
744203584070389761
744203543662432260
744203533763883008
744203174857302016
744203133023289345
744203063523672064
744202819666907136
744202680013299712
744202333421199361
744202195734757376
744202068790022144
744202033654300672
744200829343830016
744200402757890048
744200378669998080
744200352279437312
744200311150157824
744200300991479808
744199783204556800
744199217925791744
744198709206986752
744198223288500225
744197483123851264
744197421887033344
744196788740046848
744196281078259712
744195832774295552
744195637865029632
744195124423495680
744194966440841216
744194926133514240
744194573350670336
744194388742541313
744194320182448128
744194310665572352
744194272119881728
744193899426635776
744193785022812160
744193710137671680
744193429836468224
744193116933099520
744192846232719360
744192679467225089
744192335953657856
744192301845610498
744192189165670400
744192174934339584
744192025143181312
744191917978697728
744191811942514688
744191629263765505
744191458849198080
744191455065956352
744191365949558784
744191361663012864
744191341324808192
744191060566487040
744190647511416832
744190581774094336
744190494490632192
744190456997810176
744189945737261056
744189907816562688
744189703969202176
744189500881002496
744188939712466944
744188765539807232
744188619376721920
744188100923039744
744187392593108993
744187141870198785
744187122333126656
744186587999789056
744186551970766848
744186513269919744
744186365462646785
744186304263512068
744186286148288512
744186241588039680
744186197208141824
744186196327280640
744186181940879360
744186124562739200
744186104727932929
744186100642619396
744186084544884737
744186046808719360
744185962557808640
744185949186330624
744185810199678976
744185782496272384
744185509535162368
744185150473379840
744185050107940864
744185038254837760
744184907648372736
744184592576483329
744184532014882817
744184418839965696
744184339680927744
744184197955334144
744183986986057728
744183952143945728
744183529597087744
744183523653914626
744183431123304449
744182915043627008
744182716791422976
744182209922347012
744181809919950848
744181662171414533
744181412308357120
744181278124158977
744180440626569216
744180384368369664
744179841398935556
744179406894145536
744178715484131329
744178695259230208
744178521455603712
744178151815786496
744177746360827904
744177521617403904
744177263231524864
744177141038854144
744177047212273664
744176794279026688
744176126076026880
744175934111158272
744174754857357312
744174098876669953
744174010267734016
744173972166746112
744173329737715716
744173145469378560
744172942083428352
744172428159520768
744171784921096192
744171417109938176
744170874513784832
744170816900861953
744170098206846976
744169440074416129
744168070562865152
744167965961117696
744167752382971905
744167329416777728
744167304875905024
744167281681383424
744166838876147713
744166836984492032
744166591714164736
744166503419908096
744165942406545408
744165416050790400
744165275520622592
744165178976145408
744165121203798017
744165076882567168
744164843498930176
744164790390620164
744164774020263936
744164045171888128
744163593432743938
744163527078842368
744163457881243648
744163425513766912
744163051935571969
744162902920335360
744161836262653952
744161751776780288
744161704536383490
744161651381899264
744161621992431620
744161576194813952
744161540786503680
744161472670994432
744161398691880960
744160681881112576
744160157584756736
744159976587935744
744158839839264769
744158303543005185
744158166632509441
744157970544599041
744157823827841024
744157655434919936
744157505345970176
744157130006142976
744156974657470464
744156535819993088
744156140842397697
744155845513084928
744155761480171520
744155700402749440
744155650582806530
744155589245272065
744155579753566208
744155369824456705
744155230829481984
744155075262689281
744154953548201984
744154604959596544
744154382036504576
744154243389661184
744154243389595649
744154196140777473
744154195771727872
744153886982811649
744153869542952960
744153708724879360
744153690840403969
744153312895864832
744153134394675200
744152556587319297
744151735363502080
744151604996243456
744151505788407809
744151038849069060
744150983828180993
744150697961205761
744150496269766656
744150010334482432
744150008954519552
744149864779550720
744149530753515520
744149161377955840
744149033090973696
744148590638075904
744148395414130689
744148157316087808
744148099304689664
744147998209376256
744147902797389824
744147033171234816
744146011141120001
744145199400632320
744144574537412608
744142646537396228
744142527259901952
744142262511276032
744142194584522752
744142053190307840
744141632837124096
744141587903545344
744141555666198528
744141474489573377
744141390326665216
744141277420199936
744141266326269952
744141215013212160
744141165193199616
744141131789762560
744141100701597696
744141075011481601
744140977850490880
744140900956241920
744140844035350528
744140804155973632
744140749260922880
744140634416611328
744140533262655488
744140521833177088
744140362873200640
744140319168544768
744140182170013696
744139459483025408
744139185309769728
744138718915727360
744138300089335808
744136870863437829
744136779029225473
744136513747849216
744135453230702592
744133742751518720
744133416732495872
744133073256648704
744132157740879872
744131439176859652
744131254438760448
744130090523590656
744129224924073984
744128659829694464
744127526700711936
744127273318637568
744127247708262400
744127227030290432
744127134017421312
744127118687277056
744126241276571648
744126172200566784
744125911675568128
744125748886265857
744124065691144192
744123805455552516
744122704463290368
744122021211156480
744121753027416064
744121558373896192
744121311694290945
744121152558239744
744121094983024640
744121070702190592
744121048250093569
744121024795533312
744120807421517824
744120599883223042
744119884557225984
744119178223845376
744119110741655555
744118848991920128
744118819870900224
744118721464123392
744118642921607168
744118623271268352
744118622109503489
744118558481911808
744118531843817472
744118414126551040
744118283918577664
744118227668697088
744118186036105216
744118109544538112
744118083753771008
744117940602175488
744117870582505472
744117639572750340
744117639509839872
744117637479817220
744117565950132224
744117546438246400
744117469057515520
744117322059751425
744117261296861185
744116900817403904
744116795225837568
744116585493897216
744116487787524097
744116393218551808
744116324645879808
744116133595328512
744115985234399233
744115783660408832
744115734016593920
744114930496970753
744114571904978944
744114483145105408
744114380116271104
744114143704326144
744112892551770112
744111944127356928
744111746986688512
744111444921290752
744111422511132672
744111270790598656
744111194458431488
744111158379036673
744111050715439104
744110984416092160
744110923175059456
744110907203158016
744110886097387520
744110863112605696
744110808192385025
744110800927866880
744110787686436864
744110764915560448
744110749912604672
744110747928698880
744110548212662273
744110539643596800
744110508052189184
744110084154920960
744109869595238401
744109642297540608
744109404061040640
744108898047660032
744108787980734464
744108502730313728
744108435592085504
744108187016642560
744108144075366400
744108053344169984
744108031609290753
744107896850481152
744107545405571072
744107326521606144
744107316484636672
744107281156087808
744107233550675968
744107153863098368
744107151593988096
744107071528894464
744107051052335104
744106804716650497
744106755265802240
744106629231218689
744106548948008960
744106516878331904
744106453930229761
744106269557035009
744106266616791040
744106140418609152
744106121946869761
744105714176626688
744105055134027776
744104397597184000
744104021141626880
744103545423675392
744103493041070080
744103491170361344
744103361130139649
744103150198587392
744103147711369216
744103019273424896
744103018057109504
744102939552268289
744102846648418308
744102796316803072
744102771608125440
744102744370331649
744102488161292288
744102250910474240
744101601414086656
744101525023301632
744100272239181824
744100254543413248
744099808068108288
744099693404233728
744099103592845312
744099048987234304
744098626742398978
744098612876021760
744098507187961856
744098458672500736
744098253562601472
744098151250923520
744098102701854720
744097807649349632
744097384725102592
744097306342006784
744097184598077440
744097025533292544
744096967043727360
744096956365086720
744096956176306176
744096785359118336
744096765968846850
744096424913141760
744096320168796160
744096228166742016
744096215739031552
744095583196024832
744095506440261632
744095355285962752
744095263325884416
744095224427843584
744095121197703168
744095077576876032
744094987432898560
744094941496868864
744094936765718529
744094899025358848
744094766355329024
744094765889781761
744094678228828160
744094663028645888
744094656565248000
744094608087449600
744094424335003648
744094379254624256
744094301936881665
744094287361605632
744094262107770880
744094235138338816
744094191488208896
744094164208463872
744094157615022080
744094110320066560
744094093265997824
744094073951293440
744094053923434496
744094033782407168
744093940492738560
744093571926626304
744093513411866624
744093489332355073
744093381450674176
744093297573044225
744093263091605504
744092917657141248
744092370543706112
744092113655181312
744092019069419520
744091863884398592
744091848755515392
744091490285162496
744091448967061505
744091412036222980
744091409863577600
744091390242586624
744091373234683904
744091302598443008
744091291101859840
744091282541285376
744091081692823552
744090537913892864
744090189463715840
744090156316123136
744090084400570368
744090057095716864
744089795295645696
744088865040896000
744088531958566912
744088426266378240
744088231004803072
744087862447079424
744087692254806016
744087493402845184
744087305007341568
744087239718801408
744086902521856000
744086815284531200
744086443514019840
744086154341924864
744086142795059200
744086040739192832
744086014881337344
744085921151205376
744085833788104704
744085780860141568
744085699163480064
744085331197169664
744085246748962816
744085204264947712
744085120353722368
744085118076198912
744085002095210496
744084963012771840
744084836671963136
744084561571815424
744084382294630400
744083650451472384
744083617350049792
744083499607539712
744083326584119297
744083147093082112
744083079229210624
744082966838677505
744082857312849920
744082650571378688
744082647660511232
744082513350496256
744082173922246656
744082152048967680
744082125004079104
744082021719375872
744081937753595904
744081769931112448
744081514460229632
744081374827655168
744081355361951744
744081338920280064
744081021142982656
744080727361282048
744080518954770432
744080360913403904
744080135473733632
744079855281709056
744079725400842242
744079571146969088
744079516822347776
744078381931696128
744078156022300672
744077597970210816
744077283309293568
744077243824037888
744076900033761280
744076186083528705
744075966939602944
744075578224017412
744075539942629376
744075433763811328
744075264943075328
744075215194423296
744075091022077952
744074691711799296
744074406218113025
744074362274390017
744074332947755008
744074285640220672
744074165167206400
744074140508917760
744074092794486784
744074049727434752
744074004529557504
744073999764828160
744073976402554880
744073922589626368
744073810979192832
744073687230447616
744073627428065280
744073606825648128
744073542183063552
744073398972743684
744073395629867009
744073175085031424
744073134102450176
744073130520510465
744072949309804544
744072846863917057
744072785153167360
744071333735206912
744071206953955328
744071093313482752
744070937260228608
744070815310823424
744070719559077888
744070315857297409
744070306143309824
744070132696227840
744069337095495680
744068910417223680
744067423322710017
744063663619833856
744062845801857024
744061620717035520
744056044184281088
744055759881838593
744055584635387905
744055357266341889
744054363904184320
744053804887343106
744052548190015493
744050586153263105
744048707008593920
744046778207580162
744046670359502848
744045744852721664
744044782788411392
744043176038703104
744042447198633984
744041137594318853
744041089837981696
744040708424753154
744040694940041216
744040326256541700
744040258556301313
744039608191696896
744038907004719104
744037635765768192
744036428569518081
744016364931809280
744015822855806976
743992727050854400
743966074824077312
743944514075770880
743942590748299264
743939009844486144
743930883783131136
743928260485128192
743926825743712256
743925594153431040
743925306654863360
743925298853453826
743924606222872576
743923696138592256
743923389073600512
743923073385115648
743922494365630464
743922105729810433
743918098290466817
743917306405916672
743916994127355904
743916987814977536
743916700454752256
743916670113226752
743916606498177025
743916397156245504
743916287877910528
743915865851183104
743915791351963648
743914827672920066
743914326856171520
743914077089562628
743913137796165632
743912424697434112
743912366526566401
743911966054424576
743911893912412160
743911679809945601
743911297109078021
743911233498263553
743911098269696005
743910997329612801
743910843751014401
743910815728812033
743910734606774272
743910562262827009
743910538539900929
743910522530238464
743910500430405633
743910355655606272
743910322378051585
743910280447541248
743910205491118080
743910095289978881
743910046359261184
743910021356978176
743909934639747074
743909804322725888
743909780176125952
743909702774460416
743909292034629632
743909244106313728
743904242193276928
743903866815713280
743903718643474432
743903176777170944
743902959122137088
743902905313394689
743902843220955136
743902827169390592
743902751550242816
743902612626485248
743902516534972416
743902486147239937
743901089276256256
743897964943392768
743894820427546626
743891731029045248
743891706714664960
743889446534258688
743889104899817472
743886915154358273
743886698430464001
743886493349994497
743885448162979840
743884788218597376
743883516576997376
743883100686589953
743882601300123648
743882564805476352
743881431483580418
743880340666744832
743880102300291072
743879699240202240
743879631170842625
743879416846114817
743878721011064832
743878700165365760
743878584570380288
743877373481881601
743877189226078208
743877163867377664
743876704385507328
743876592108212224
743875340733390849
743875000394977280
743873865663713280
743873854431432704
743873566416973829
743873370941435904
743873042389045248
743872555442905089
743872516452720640
743872334474452992
743872096669958144
743872073039286272
743872058820538370
743871436855590916
743870298559254528
743870195249340420
743869817392766976
743868990141923329
743868838194909184
743868650554294273
743868626483150848
743868199930859520
743868001234083840
743867836863549440
743867660295897088
743867362915532800
743866942923149313
743866882638364672
743866634637541376
743866068112969728
743865822888656896
743865772074729472
743865221442310145
743864972476821504
743864921511825408
743864547967115264
743863008615632896
743862562182303744
743859959474044932
743859069040070656
743858924332396544
743858882641014784
743858756614774784
743858458370392065
743858278137012224
743857400969572352
743857064628330497
743856935401832449
743856213478236160
743856079885451267
743856020154363906
743855935068700672
743855803061374976
743855512157032449
743855293264764929
743855235412660224
743855234728890368
743855167477420033
743855093552844800
743855070165504001
743854673099132929
743854542874378241
743854532581527552
743854410640596998
743853799127801857
743853512711364608
743853463046598656
743853092211417089
743851310106181632
743850538261970944
743850367281135616
743849655549759489
743849131089747969
743849049644736512
743849024000761856
743848222477660160
743845832894590976
743845662584864768
743845431541698561
743844882922487809
743844603602796544
743844399470227456
743842859875467264
743841973363216384
743841912864464898
743841851984089088
743841816030625792
743841773961641984
743841750142226433
743841669338955776
743841222847008768
743840749452693504
743840670142631936
743840657962307585
743840649888301056
743840548159627264
743839397980823552
743839331731779585
743839005716938756
743838883721392130
743838287983435776
743837981354528768
743837806074662912
743837690324484096
743837182905950208
743836844257849345
743836737055653889
743836509640474625
743836467819077633
743836432557543424
743836374655184896
743836306871029760
743836283261292545
743836209428967425
743836035851952129
743835639007764482
743835528940916740
743835339438063617
743835022373847040
743834882455920641
743834389033934848
743832172675600384
743832108104298500
743832057969786880
743832022733438976
743830667952259073
743829261254000641
743829040537174017
743828778896531457
743828717596721155
743828448964186112
743828321860001792
743826805132517376
743826529793236992
743826390609444864
743826017417068544
743825185766268928
743825056913031168
743824253179600900
743823024995000321
743822793524056064
743822391839686656
743822043985117184
743822036326301697
743821405842735104
743821233133879296
743820895848927232
743820809630846976
743820709860802560
743820597621252096
743820478486286336
743819927245684736
743819824103456769
743819809318703104
743819717597663236
743819529583796225
743819415163109376
743818926765768704
743818788496412672
743818788483764224
743818488964317189
743818206570233857
743818001548460032
743817661189070850
743817517307731970
743817456561512454
743817090478542848
743816984090058752
743816847804538880
743816705009401856
743816643327950848
743816516295139329
743816463002243072
743815715686277120
743815568692641792
743815548786577408
743815330389188608
743814917510275072
743814695673536512
743814651679506432
743814030066847744
743812933331857408
743812885869113344
743812850884415488
743812683426783232
743812523711995904
743811753860038656
743811599882928128
743811577212702720
743811292234915840
743811167345319936
743811147720232960
743811069903257600
743811066371670016
743811048902434817
743810904886751232
743810880241082368
743810848020434944
743810821973753856
743810639920009216
743810626695348224
743810594155921408
743810413339492352
743810339851145216
743810339037454336
743810264676569088
743810175761514496
743810163971330048
743810083470118912
743809839663550464
743809642233376768
743809634717343744
743809615943565312
743809597564026880
743809574306619392
743809468488646657
743809417896943616
743809375953915905
743809335306878977
743809253463437312
743809188896317441
743809139168665600
743808937527500800
743808833965932544
743808814684704768
743808547323011072
743808524849938434
743808431367258113
743808415785426945
743808329764511744
743808309199699969
743808271362985984
743808182401777666
743807885176619008
743807707086471168
743807558759100416
743807154830905344
743806871245447168
743806552893755392
743806360605855744
743805891598757888
743805405550174213
743804332009725952
743803455018508293
743802926234218496
743802905271078912
743802534431760384
743802520791883776
743802336556916737
743802306274168832
743802297092816896
743802277622775808
743802029122928640
743802027399065600
743801765838098433
743801416398028800
743801333262622720
743801329999556609
743801220180090880
743801194896830464
743800310267785216
743800258216472576
743800189010513920
743800120722993152
743799691423416320
743799645038469121
743799594295922688
743799499047337984
743799453799297024
743799445976932352
743799405661261824
743799394428821506
743798874406477824
743798709385822208
743798508726124544
743797734474399745
743797616182452224
743797590962089985
743797457625153536
743797330311262208
743797317111783424
743797274229235712
743796768417120256
743796740638244864
743796737572241408
743796582705995776
743795603977736192
743795579638153216
743795264973049856
743795226804912128
743795221633376256
743795158001541120
743795115802656768
743795054834221056
743794788802174976
743794630035124224
743794461642088448
743794360064557056
743794186990784512
743794026785079298
743793791090425856
743793636010135552
743793629672706048
743793588664999936
743793493093531649
743792812974575616
743792794360242176
743792686839271426
743792672394088448
743792606577033216
743792466235654144
743792249448828928
743791997530537984
743790915672752128
743790611736596480
743790501808189440
743790235465678848
743789737887006720
743789673114378240
743788589880848384
743787967748136960
743787876324884480
743787704471662592
743787382059765761
743786971122778116
743786952051273728
743786919377637376
743786888474005504
743786882941718529
743786283487666176
743785211796856832
743784843318812672
743784587176849412
743784507703238657
743783492283072512
743783481625444352
743783458141528065
743783390751653888
743782794459942912
743782594320416768
743782525328293888
743782476477304832
743782407006883841
743781997424812032
743781760568279040
743781447379607552
743780957744926720
743780588063162368
743780408102264833
743780200379523072
743780075405975552
743780015414837248
743780007655444481
743779935957950464
743779581111451648
743779567861665793
743779534214995969
743779464274939904
743779163044192256
743779159290281988
743779092642816000
743779003727773696
743778987650932737
743778282970152960
743778102543716352
743778069568196609
743777610627375104
743777511344050176
743777496076812288
743777478091677696
743777448907649024
743777334155743232
743777321425920000
743777287745638400
743777253733982208
743777239720935424
743777235006455808
743777216098631680
743777175611019264
743777155679674368
743777116873949184
743777101417947136
743777029020127232
743777016990695424
743776946551676928
743776930802073600
743776920584753152
743776811310514176
743776781975564288
743776780293705728
743776740691025920
743776719392366592
743776620654268416
743776409705807872
743776231007657984
743775570824167424
743775441706754048
743775425973846016
743775101011824640
743774383685132288
743774183230955521
743773342176583681
743772916651786240
743772840621531136
743772590968283136
743772486530142212
743772398227333120
743772143838691328
743772049278017536
743771704468570112
743771683648114688
743771459248525313
743771323462193152
743771294978629632
743771288762720256
743771222782148608
743771096193900544
743771067974586368
743770997933879296
743770570941145088
743770570450362369
743770341219115008
743770323032641536
743770264090083328
743770178744291328
743769968588783617
743769411224485888
743769340936355840
743769137822896131
743769077638828032
743768941982515201
743768595105091584
743768535193763840
743768483012448257
743768109534838784
743768024981843968
743767995953078273
743767908711530496
743767706307006468
743767674279231488
743767444922175488
743767443588321280
743767391847354368
743767300696903680
743767278936743936
743767245990465537
743767168324558848
743767158748917760
743767118223544320
743766843840593922
743766825494810624
743766371268452353
743766277529821184
743766248652079104
743766094394044416
743765520747401216
743765419035615236
743764003780960256
743763982356516868
743763950446190592
743763860457398272
743762254634557441
743762025449295879
743760640318148608
743760582084460544
743759959704240128
743759836450430976
743759721262264320
743758819461758978
743758674670166020
743758154765213696
743757418761334784
743757256555003904
743757212015726592
743757149365379072
743757093409193984
743756964220461056
743756929483186178
743756878576922627
743756857139822592
743756828413067264
743756800248283136
743756747119026177
743756660141809664
743756629078794241
743756576784146438
743756439886258176
743756144347209728
743755627768356864
743755569937342464
743755454048673793
743755413330370560
743755123793371136
743753104743555072
743753047772323841
743752989643440129
743752934689628160
743752784495804417
743752753030135808
743752552680873984
743752519306747904
743752454802546688
743752443532455936
743752432123994112
743752403200049152
743752384669614081
743752280160116737
743752196940931072
743752138879229953
743751512954806272
743751219718414338
743750683120197633
743750608557989888
743750233801142272
743749991781433344
743749935284129794
743749445360050176
743748677861179392
743748368757776389
743748319348826112
743747836416647168
743747599228801026
743747576785100801
743747538902122497
743747293594038273
743746896145973248
743746826319208448
743746727702757376
743746351742124035
743746279923015681
743746137811628032
743746106798936064
743746070719528961
743745951286734853
743745705437626368
743745483290476545
743745365837389824
743745349756420097
743745315455393792
743745291304591360
743745219733032962
743745188976164866
743745169736896512
743745136962609152
743745030121132032
743744972231344128
743744938395865088
743744871714828288
743744763736690688
743744074432188416
743743937953705984
743743766893207552
743743691014053890
743743659200282624
743743405373566979
743743316500459525
743743191493423105
743742933220761600
743742835531276289
743742637086117888
743742512825655297
743742409482244096
743742395108384768
743742372589166592
743742358915715073
743742282566754304
743742119148290052
743741968635748352
743741862888890369
743741620063854592
743741615185944576
743741560290840577
743741360239370240
743740812417073154
743740536683560961
743740491812896769
743740468177960960
743740455683162115
743740301009788929
743740268201947137
743740078527119360
743739798578331648
743739670777864192
743739324374474754
743738972170379266
743738811109105668
743738339170258946
743738171448406016
743738057573031936
743738048202973184
743738017324490752
743737260370100224
743736749138944001
743736489826123776
743736355457400832
743736212955901952
743735569348333568
743735363294814208
743735104980164613
743734947064668160
743734351825756161
743734201275449345
743734082710839301
743733945456439297
743733706058137600
743733588013678592
743733448091664384
743733204440354817
743733079492026368
743732730567888897
743732703413968897
743732596589264896
743732570580389888
743731940247769088
743731824887631872
743731763470438400
743731484096225280
743731477976743936
743731197528813569
743730669507874817
743730269937557508
743729689773015040
743729205628665856
743728994227392512
743728849913970690
743728657374449664
743727899178459136
743727712867520512
743727670765117440
743727519753338880
743727475121782784
743726946308100097
743726902859309058
743726714182742016
743726690052907008
743726466345558016
743724969301946374
743724812615311365
743724698798694400
743724678666039296
743724598630318081
743724536844058624
743724515662790658
743724515197235200
743724479960875009
743724309726662656
743724268265975808
743724112506298368
743724071611830272
743724037285642240
743723873502277634
743723832750407681
743723763749969920
743723723694313472
743722870186991616
743722628645478405
743722343864762368
743722329008549889
743721585589129217
743721239450001408
743720850638045186
743720374072807424
743719671371751424
743719541302145024
743719393264181248
743719388256186369
743719325488427010
743718958931410944
743718879348744193
743718639585505280
743718337193009152
743718255588630528
743718235397201921
743718034028695553
743718029280743428
743717950926913537
743717791249768448
743717010664632322
743716819215626240
743716627301031937
743716498468802560
743716462397788160
743716065226559490
743715748510498817
743715714427588608
743715484445483009
743715445497225221
743715304929271808
743715190420574208
743714948073693184
743714693961834496
743714558376706048
743714478647185408
743714409759965184
743714313081282560
743713733780766721
743713730584731648
743713565052305412
743713326866194433
743713225561145344
743712866809745408
743712844676403202
743712188687212545
743712139622264832
743712053664223232
743711743113760768
743711615518834689
743711295308914688
743710267456970752
743710239124426752
743709250728321024
743709100966457344
743708727975370752
743708586765758464
743708586006585344
743708380921892864
743707529931194369
743707431889297408
743707136828411904
743706596513964038
743706517128380416
743706177876299777
743705775978119170
743705411807678465
743705178038145024
743705172015099904
743705079966949376
743704914287681536
743704898772996098
743703648715182081
743703581455351812
743703574534750209
743703236708696064
743703215808479232
743703085571178496
743702647018946564
743702608351662080
743702451555995648
743702391447388161
743702314649714688
743701941448904705
743701847119007744
743701237825056768
743701098821627904
743701041825222656
743701014461636609
743700724266106880
743700534096322560
743700530791223296
743700310820954114
743700131539615744
743700042628816897
743699734058008579
743699718086131712
743699642739630084
743699593771122692
743699545679290368
743699153058861056
743698881142108160
743698788489957376
743698622269644800
743698404505616384
743698375829184512
743697490759688192
743697434874810368
743696488451047426
743696203536183296
743696072111841281
743696042684624897
743695893312856065
743695787477983232
743695715780562944
743695596209377280
743695409889980416
743694775556005888
743694666906771457
743693917984436224
743692330104848385
743691193444270081
743689161593413633
743688275039162369
743688225282134016
743687269840674818
743687038721888262
743686908023185409
743685722901602304
743684746429898753
743684300109864960
743683149893230592
743678499328659456
743677189938253825
743677185236434944
743675995127848960
743674502169583617
743673609713967104
743666448443158528
743665238961184768
743646135328382977
743586665395032064
743585251067322368
743567373148397569
743566206846795776
743566158838796288
743565827237089284
743565150070931456
743565102587207685
743564526088491009
743564063259693056
743556840391311361
743553795037200384
743552935796289536
743552785703014400
743552225084116992
743552046700302336
743551946636857349
743551367722172416
743551259731496960
743551122019880960
743550531113717760
743550531034038273
743550530899812352
743550470799638533
743550470665441285
743550470589915136
743550443452829696
743550443285012480
743549606882058240
743549456973438977
743549456860184576
743549456675667972
743548268890759170
743547967672557568
743547888236634112
743547790781878272
743547444378611713
743547348123516929
743546655908069377
743546354237120512
743546237765488640
743546228013678596
743546033855148032
743545987248103424
743545876942053377
743545763746185217
743545688668123136
743545448363745281
743545204192518150
743545048126599168
743544561331478533
743544359803564032
743541956119302144
743541395030409216
743541337463595009
743540278661877760
743538541611855872
743537848289271808
743537694681214976
743537598719721472
743537153209176064
743536894831640576
743536442819874817
743536030968582144
743535775904563200
743534646193946624
743534549699788800
743532379688534016
743530968405905409
743530928291602432
743530470483300352
743529874086825984
743528619293675520
743527641777639432
743527619518472193
743527571883761664
743527562240995328
743527454531293184
743527441826713600
743526525761368064
743526352666628096
743526033085861890
743525391894142976
743525370129973248
743524774157160449
743524770889801729
743524485580656641
743524177899102212
743524173868318720
743524112820240384
743524069740519425
743523485281058816
743523425289969664
743523378745708544
743523145185959937
743521858268565504
743521808155029506
743521784767651842
743521590470664193
743521561961959424
743521537878331393
743521364003401728
743521337516392448
743521313688522753
