818210829774581760
814434904192716800
809545358116265985
809543652922028032
809543652922028032
807310762184245248
807184974717874176
806825607824871424
798554483060047872
798554393058693122
798554393058693122
798523664903864320
798523234626965504
798523234626965504
798260230094286848
798076722444898304
795320942964654080
794816724075941888
794465019874463744
794311339393110027
794251962070007811
794210853163794432
794180571362631680
794114986863894528
794107424143798272
794105417664253952
794105337632739332
794104965446901760
794104965446901760
794103881236172800
794103320902299648
794103320902299648
793382895490596864
793381201604124672
793381201604124672
793156044784562176
791896697697959936
791387217860169729
786864657545957376
786863033469599744
786862936304254976
786862936304254976
786722223180611584
786672329472565248
786332730577522688
786319332737441793
786318645756657664
786318645756657664
786217898788487168
786122749806796800
786054808948080641
785930692966375424
785925101875232768
785925101875232768
785919503276314629
785914501950480384
785914501950480384
785896350630219776
785888343946952704
785877267998277632
785877267998277632
785867897792962560
785865530146250753
785862653285634050
785861331673092097
785861115762896896
785860745028374528
785860745028374528
785860161223155712
785859649652285441
785859649652285441
785831740237553664
785828595080060928
785824807569022976
785821889260318720
785819797158240257
785818978212085760
785818978212085760
785813980497444864
785810563758784512
785809928204288000
785806110431309826
785806082702708736
785806078722314240
785805391603138561
785805111830380544
785804154568572928
785803908442689536
785803717681508353
785803650723708929
785803290265128960
785803057745522692
785803041568161793
785802506265849856
785802266217484288
785802171484897280
785801881050353664
785801872980467712
785801703241162752
785801690066915332
785801625927618561
785801625927618561
785787215641141248
785776398627635200
785768765678059520
785631269141024768
785599266341396480
785593946831515648
785589512047058944
785589512047058944
785587668067508225
785583831374061568
785583265721618432
785581850374860800
785581043051028480
785580821935783936
785579471281717248
785574147460042752
785574147460042752
785573608303230977
785573214370033666
785572752384221184
785572300942868480
785572153940971520
785572106931142656
785571938399911937
785571015049043969
785570944303661056
785570551062532096
785570433206775808
785570276029366272
785570263442259969
785569923976298496
785569660074852353
785569337688068097
785569074109640706
785569027645145089
785568956740472832
785567961490882560
785567842733264896
785567355170586624
785567250925359104
785567228578201600
785566895445508096
785566855989723136
785566835701846016
785566760162455552
785566636585680896
785566469769822209
785566404871356417
785566394561748992
785566341210177536
785566326723141632
785566307857100800
785566278127878144
785566270796226560
785566228219854848
785566207177023488
785566118731771904
785566065988362241
785565913386975232
785565913386975232
785157874792140800
784346892922605568
784320139873308672
784315032137900032
784310083781992449
784306098689839104
784305515585081344
784305515585081344
784304084174069764
784298125972217856
784298125972217856
784285451137888256
784285185890148352
784285185890148352
784204397781852160
784202357907267584
784202357907267584
784181581539844096
784177063355965440
784174106904240128
784172996332232704
784172395993128961
784172204229533696
784172204229533696
784168457986269184
784168424419319809
784167365160345600
784167365160345600
781358400110231552
780680715126116353
779610957832126465
779579724473495552
777161946852421632
775348489337262080
774870062239014913
774267740144168960
772918897267904512
771761696834813952
771423413541998592
771088942221361152
771088044850020352
771087322863501313
771087322863501313
767822999567425537
767435317867581440
766686986581213184
765124135315845121
764928842091859972
764922177791598592
764922177791598592
763996747823665153
763293002399752192
763066072383705088
760363743528091648
753623483184246784
752511085048135680
752511064370192384
752511064370192384
751177234006802434
746093274453127168
744835850500923392
743532082060726272
738674283782737921
737682856315617280
737028685027549184
735959626080980992
734785829441286145
730463897203920897
728857125787709440
728693769416130560
728551901890023424
728492022307282944
727060231465881600
726768924885454848
726750271435591684
726746827744247808
726746827744247808
726745393799770112
726341485206081536
726314549662588928
726297502157275136
725596602124111872
725387765198786561
725353072650772481
725320518828740612
725206002132484097
725072474086498306
725061151466344448
725056809422196737
725056655369605120
725056655369605120
725052218232176640
725052046068580355
725052046068580355
725003986579918848
724998343231979521
724994680644112384
724994680644112384
724963597680566273
724928450176405504
724926980727136256
724926980727136256
724278479638921216
724222443632660484
724188949976064000
723938419416653824
723927286240673792
723911086475497472
723910870603042817
723909952679587841
723909952679587841
723809322707369984
723793212184342528
723784753346842624
723511050767884288
723201941166129153
722843082530648064
721716318832078848
720985850067161088
720982254986600448
720981537941032960
720980643707035648
720980643707035648
720928784292192256
719458999624732672
719064457427755008
718790437415297025
718419316186685442
718419304685924352
718416054184255488
718416054184255488
717688051946942464
717605040542904320
717463838107557888
717398345107513344
717383666587054080
717382961574846464
717382650772779012
717382650772779012
717248684891750400
717248527903170560
717248128798294016
717247973193883648
717247973193883648
717017904365981697
716895449563729920
716895254692175872
716895254692175872
716580128797683713
716558383701032961
716550952644423681
716550712885379072
716550712885379072
716274881604628484
716216253992603648
715769789076127744
715514948017893376
715509172775690240
715171036317294595
714770668848615425
714721480660107264
714718105105211395
714718105105211395
714478959048728581
714394787663724545
713689772431175680
713379494527168512
713280464014983168
713279024575987712
713279024575987712
713255703255887872
713058682947428354
713057943315460096
713057943315460096
712673405573664768
712579382821322753
711300539049484288
711218153351569408
710036160425435136
709295434255224832
709113450681733121
709112344367009793
709112344367009793
709070262034153472
709069610033815552
709069610033815552
708099411272929280
707867480862150656
706947558539657216
706886365749841920
706885177822322688
706885177822322688
706859936253349892
706466702083620864
706466611826393088
706466594675884033
706463938544803840
706461162389544961
706460882528833536
706460735430389760
706460232357117952
706459484982546432
706459162604118016
706457906720468992
706457906720468992
705038346456834052
705036828634701824
705017955575308289
704945594121494528
704945383357726721
704945383357726721
704057377713160192
703964768592338946
703957897286320129
703950317004705792
703950317004705792
702138479329861632
702132562706219009
702095913108410369
702093926916878337
702093926916878337
702062011983773696
702043917856989185
701871108191031296
701833792554737665
701833544209928192
701833480762736641
701833259676790784
701833241569972224
701833145428135937
701833145428135937
701830083145822208
701815341962366976
701815328318365696
701814850972823552
701812397757984768
701812397757984768
701775130305896448
701672002743042048
701534156489170944
701515084477165568
701512843082993664
701502864401821697
701502864401821697
701495639683764225
701492975445090306
701492542412603392
701488331641716736
701487246743048192
701486907444871168
701486122095013889
701486122095013889
701484443035430913
701484098808889344
701483970312142848
701481008655429632
701479889979834368
701479889979834368
701467702343372800
701358770862039040
701356482944700417
701353205133811712
701353205133811712
701342843126857728
701330065221619712
701326821938302976
701326821938302976
700629651958304768
700611635690528768
700611371814113280
700611371814113280
700314088077918208
700010759527493632
699990119995019264
699959959933579264
699956262868537344
699954784925851648
699951705719468032
699951705719468032
699936756108566532
699935074796621824
699931320479256577
699931320479256577
699222896816865280
698265956754288640
698257973504770048
698257973504770048
698107421147926528
697871619163824128
697791979451715584
697515581113761792
697478928773079040
697446136550916096
697427414817882112
697377981958856705
697375121191890944
697355022330433536
697349573061308416
697348550695481344
697348550695481344
697337752929640449
696831513812402181
696436722981281793
696423889476395010
696415647358656512
696415647358656512
696359228299153415
696269613525499904
696091106342236160
696064807657738240
695599294804574208
695560393977163776
695546819422646272
695546636920090626
695541000060727296
695540792807575552
695540348010029057
695538215525208065
695538215525208065
695325435098456066
695197105955143681
695038019632439300
694858382499561473
694856382324031488
694856382324031488
694853393731436544
694846963871805440
694842346203123712
694842346203123712
694840512658956288
694839739518685184
694837984798101504
694836608793731072
694830239361417216
694830239361417216
694800360163131392
694457875410870272
694415261034749952
694234700655771648
694212098650423296
694211854298669056
694211809486749696
694209708681469953
694208936199733248
694208936199733248
693715707947831296
693706306256031744
693357727758827520
693111759721332736
692781327293255682
692761203114909696
692760509729357824
692760034086948864
692758106351255552
692758106351255552
692737213713485824
692736655678119937
692735815475171328
692735815475171328
692665795843919873
692665649701715968
692665334659178496
692665334659178496
692350823976796160
692123598534885377
692088443602628613
692084163021815808
692084163021815808
692053701431857153
691922100668481536
691919336890580992
691919336890580992
691905997787549696
691699707807051776
691698748628557824
691698748628557824
691673109854851072
691667126332055552
691665955097874432
691665103847059456
691664755954708480
691664083553259520
691663907795136512
691663433448755200
691662866370412545
691662866370412545
691646980108500992
691228437147717633
691221947825414144
690840422994808832
690840375964102656
690548770212290560
690522378602942464
690520049954721794
690519901568655360
690519697268285440
690455151254044672
690455074024325120
690293457999499264
690293423690088448
690215105758363653
690212096877948929
690211975553536000
690210366387834880
690210174502576128
690202219191390208
690202217698213889
690201994695409664
690201992975745024
690200502978633728
690199489991294977
690199489798377472
690198414060052483
690195915504816128
690195700383117313
690195421906522114
690194527987056641
690192836411678720
690192590818279424
690145539061616640
690138895732842497
690125633842716672
690123844519071744
690113638254911488
690113623813931009
690107320643276800
690080443916509185
690071908138795008
690057469171630080
689945096859553792
689945036025368576
689941308690055169
689941187478822914
689941019668914176
689940997921456128
689940979479101440
689940871660343296
689924791353131009
689924389077409792
689924150601895936
689923435158507521
689923315457200128
689920954709970944
689920789353795585
689920617680900096
689920463192092672
689920387908501504
689920262859522052
689920216109826049
689920082286395393
689918889854160897
689883758653259778
689856681795305472
689856627432890368
689855811158433793
689838563295379457
689834948006678529
689833424216014849
689824584829419520
689824157593370624
689823662011187200
689822752853860352
689821980908986368
689818650933641216
689813869783441409
689813034240491520
689800990862774273
689768671795920900
689768639092920320
689765666010853376
689765646830321664
689758637766676480
689758570829778944
689757453706248192
689757228136566784
689757157714165760
689755449671942145
689755168620044288
689755142107852800
689755017457352704
689754953359949824
689754925782405120
689754453025619968
689754413624356864
689754341851414528
689754313913208833
689754124892639232
689754067971784704
689750235917225984
689740229461282816
689739681655709696
689739678895845376
689738719537053696
689738134758805504
689736642538635265
689735116835405824
689733066823221248
689732938666213376
689723946174943232
689723255565979649
689721169398894592
689721150725869568
689721023437094912
689720595353899008
689720310384443392
689718774082179072
689714555711328256
689712815721058304
689707290484723712
689702399649263616
689702394624659456
689696875402903552
689687137994809344
689682045023457280
689679102232678400
689678852445114368
689598543506595840
689596813943390208
689596682519052289
689594723359682560
689594663108526081
689576123051700224
689574114126893058
689572480273485824
689569899753111552
689569473901256705
689569102722158592
689565806594781184
689564269172649984
689564101241102337
689555489840062466
689552731959382016
689552616683130880
689552434788696064
689550829196591105
689549025872384001
689548507632504835
689547144634765313
689544831480287232
689544819954294787
689544806645829632
689544793152688129
689544781073125377
689541957899665410
689541082783309829
689541062952640514
689541017025015810
689540995092979713
689540498927783937
689540377708208129
689539473563066368
689538748305006596
689538732572164096
689538151480758273
689537672419917824
689536269634965504
689534954225680386
689534223825375232
689533301254721537
689531674829398016
689531649692962816
689530793782280192
689529738243788805
689529722385076224
689529265386360833
689528545358581760
689528240923348994
689528111365492736
689528084069011456
689528014405791744
689526284309942274
689525900124295168
689525496456044545
689524699924205568
689524646216110081
689524253201453056
689522252384223236
689522138479529985
689521306946109441
689520125595103232
689519065421996033
689518874816020480
689518003692650497
689516375388352513
689515803935399937
689515131601096705
689512799945494528
689511052095180801
689510290145284096
689508289395167232
689507495807684612
689507077568466944
689506580056915968
689506255849807873
689504723376930818
689502239010885632
689501864170225664
689500044580356096
689498672053252097
689492780213755904
689479461247410176
689479287536156672
689466325488443393
689466194940796929
689465691045531648
689208653430308864
689145079768850432
689067312910053377
688816624959369216
688778311250657281
688776035811328003
688775968098533378
688775046211497984
688668840692215808
688651990184898560
688643046553075712
688419649957052416
688362202714238976
688361584805199872
688355402866659328
688352740490227712
688352740490227712
