822918896877498368
822569559106420740
822502342788575233
822431851046436865
822400774466457600
822398853966020608
822398776543318016
822398776543318016
822383178287640576
822382854864678914
822382854864678914
822356187031240704
822208128519376897
822145054651412482
822139116536135681
822136653556891648
822136653556891648
822086082368065536
822079539111202818
822079539111202818
822031276257538048
822019173249413120
821955257211244544
821807838175645700
821785902569685006
821767495128383493
821723847758147585
821716032574222336
821716032574222336
821707940998610944
821695451476926465
821695451476926465
821693967968468994
821690259616464897
821690259616464897
821676917308948481
821675988023201793
821674418506235905
821674418506235905
821661546107510784
821657687159164930
821657142356807682
821656454209871874
821656320570966018
821655348348063746
821654984328642560
821654984328642560
821474951408521217
821474182659768320
821474182659768320
821335620069052416
820219586041749504
820182679782117377
820005368566874112
819952076688158721
819921496625672193
819848262358339586
819838061936869376
819837418287300608
819836975050059776
819836975050059776
819834967798771712
819833457333374977
819827022407094274
819827022407094274
819647697812684800
819583261978587136
819561221271801856
819216424187133952
819205360716312577
819205360716312577
819201065124032513
819194773265412096
819188308504956928
819188308504956928
819184910346973184
819184596399116292
819173692748009472
819173692748009472
819170485200179200
819168915607744517
819162709501612032
819162709501612032
819151982812340224
819147277579251714
819143811221913600
819143811221913600
819140026311344128
819089542540095488
819089542540095488
819088212962459648
819085307836567553
819085307836567553
819076005751095297
818951133087617026
818945962941022209
818886106682953728
818864044912377857
818841308932476931
818839519160057861
818834327291232256
818827659929075712
818827659929075712
818742913010122753
818505842345578496
818449773988638720
818441461624635392
818413854350868480
818388668863967233
817700259489058817
817700256813121536
817700256813121536
817687017911939072
817650287913660416
816712951507849216
816062776540102658
815918180258508800
814830003233890304
814067377662988288
814066814850334720
814065755591417857
814059321915035648
814058251029512192
814056875281022976
814056871459962880
814056871459962880
813750346099163139
813737808963796993
813721440252022784
813694598577082368
813678884063498240
813404297295777792
813377470456102913
813372600755879937
813321671465648128
813311200146681860
812714481918869504
812253031513341952
812252589400133632
812252589400133632
812011392937013248
811883871633547265
811883542754000898
811883542754000898
811307737657339904
810818486608031745
810788696958128129
810787819127980032
810787819127980032
810743137970819072
810660679137001472
810596709071986688
810591978383704070
810591317969502209
810591317969502209
810512287467536384
810205657739694080
810202612800884737
810062122352869377
810053774265974789
810053774265974789
809803255765172228
809802437217452032
809802437217452032
809683383416684544
809676945776590848
809676945776590848
809662441248460800
809323032695205888
809034700547391493
809034624462712836
809034624462712836
808997679887958020
807599257184333826
806798791663722496
806459271814778882
806443664482430976
806091139166175232
806056939151130624
805886051034300416
805885606245105673
805885606245105673
805830541819998209
805803841082064896
805782957826961408
805012758769111041
804372398447464449
804071378668441614
804034622170525696
804028962515091456
804028962515091456
804020531716624384
803593483047014400
803593152040996865
803593152040996865
801746254313246720
801680384480133120
801499461990182913
801498012245757952
801498012245757952
801424501716172800
801416759052029952
801416759052029952
801392839099904001
800718885859315713
800718725108277252
800718725108277252
800492706111684608
800418544185962496
800305817383747584
800289087726854145
799926983924662272
799593220611198976
799267350688235520
798895553811742721
798809690956120068
798583407840202752
798572303739195392
798518037016170496
798516565700464640
798516565700464640
798513477979492352
797493818455113734
797448427957321728
797439272987066368
797255731829469184
797167556834562048
797078943211933696
797025577739882496
796995584389447680
796990903550353408
796968359392870401
796832064821723136
796787059742703616
796786714270384132
796786714270384132
796649331499659264
796637765471522816
796467816543244288
796463111700172804
796463111700172804
796032406251859968
795999230297047040
795998784174125056
795998784174125056
795894972172091392
795747436350341121
795739497187123200
795739497187123200
795632717958356993
795581390242906112
795579649795510272
795572805173702656
795572805173702656
793923488520306688
793923485840056320
793923485840056320
793788861738541056
793762857880002560
793718181500157952
793223589793263616
793059708840058880
791934231052025856
791919144643899392
791708837350928384
791668581444489216
791637155261083648
791621804146192384
791557688677335040
791555747540795392
791555747540795392
791361921064796160
791168862687408128
791166764147023872
791163349119692800
791163349119692800
790944408686497792
790930430123966464
790917844410175489
790904455780831232
790903509600337921
790903509600337921
790871548722720768
790870561970946048
790865665599107072
790865665599107072
790859456602972160
790859325614862336
790857932166561792
790857673541554177
790856472938835968
790848968938942464
790848968938942464
790845684958236672
790748746443268097
790747383957188608
790747383957188608
790657852822159360
790571142725701632
790566848727248911
790566848727248911
790558152588754944
790517302999613440
790517219176419334
790516104741388288
790516104741388288
790493184245829633
790484597163294720
790484597163294720
790479038175408128
790478922672697344
790478667268972544
790477351343779840
790476718981124096
790476494673936384
790475590822428672
790475578482851840
790473233124454400
790470854643585024
790470854643585024
790464679718117376
790464075897696256
790461798495424513
790461798495424513
790165450290233344
789449148550549505
789440379036786688
789119674101497856
789073724079308800
788781627820343296
788730074774269952
788728226537439232
788727663359823872
788720098492252160
788720098492252160
788695780039204864
788685375879413760
788665227193774080
788657724997402624
788657724997402624
788655186692694016
788655056191094784
788654887236202496
788651982861066240
788651068569845761
788650785403969536
788650785403969536
787362436248694784
787271885746802688
787221330907324417
787219494783619072
787219351640371200
787219122224558080
787219122224558080
786979518259036161
786849359174434816
786835110687563776
786614003397111808
786503439656378368
786493292422782976
786492962045767680
786492962045767680
786272231403945984
786258836999041025
786256589002907648
786256589002907648
786117518272319488
785966906826252288
785966513199128576
785966111535800320
785966111535800320
785888948434276352
785862381310271488
785849150097264641
785849150097264641
785828266368196608
785566390136823808
785566251598897152
785566251598897152
785510784503783424
785510307204567040
785510127134650368
785507409452232704
785506771020419072
785506367595540480
785506367595540480
785500670443065345
785499903971688448
785499460826763264
785499249723047936
785499163404492800
785499163404492800
785398278347251712
785396600063553536
785396600063553536
785110190349754371
785109468250005504
785109468250005504
785065277172150274
784827975682387968
784722121943556096
784720728121806848
784720728121806848
784700689461174273
784697769944547328
784697706212098049
784697706212098049
784626146923143168
784516256724582400
784502314661019648
784488674721460224
784480242832445440
784480242832445440
784296585156890624
784147837949018112
784144865881907201
784144865881907201
784061259486531584
783570966412685313
782960002663387136
781463689673277440
781436132009644032
781435871665029120
781435845974888448
781435845974888448
780886052324118528
780793226890534913
780513361289027584
779778861353631744
779762865934897152
779762585184923648
779762585184923648
779657252055678976
779297048919146497
779181391762296832
779054711865565184
778998817945452545
778998701687705600
778998063067172864
778998063067172864
778977218055798785
778965999915831296
778965999915831296
778878008463589376
778516923407540224
778499416055488512
778340268613505024
778339196335423488
778339196335423488
778275185375993857
778252536994205696
778244564138225664
778244564138225664
778226098693890048
778221096596283394
778220545682833408
778219421554868225
778219421554868225
778159059488899076
777802336316059648
777523113084891141
777515448388685829
777515448388685829
777247862954528768
777145572243476480
777060740326887425
777043057866903552
777039854769172480
777039854769172480
776873172796903425
776854577312325633
776854378829537280
776853979187798017
776853979187798017
776821896239251457
776804503395954688
776804433703370754
776804433703370754
776763281147039760
776709078332674048
776673078592040960
776645336739770368
776551790057758724
776430548235542528
776400814588002304
776376049303040000
775793121372303363
775734736685858816
775718365176487937
775687651332657152
775644766214189056
775624626584088576
775577755484295169
775575308728762369
775575308728762369
775382261629935617
775378788242821122
775377280373755904
775370617340174337
775370617340174337
775353872575524864
775351982458564608
775351982458564608
775336473361022976
775315296773148672
775313559416889344
775313559416889344
775216384267653120
773926737792991233
773802944684851200
773787849460158464
773583329555783680
773581828217339904
773581828217339904
773563574430142465
773547838185832448
773523425897963520
773523392704241664
773521914874695680
773515511841824768
773515254668128256
773515254668128256
772907184699113472
772907064536469504
772907064536469504
772727189464870912
771834816736133120
771755391684411392
771743589672026112
771742105534341120
771742105534341120
771699199083700224
771643510428610564
771620288341549057
771620038927196160
771615680554606592
771615680554606592
771094001915158528
770935922724630528
770877097799720960
770703521138237441
770676167670165508
770607522013151232
770594315080966144
770593388131475456
770593032425107456
770593032425107456
770563840731906048
770546492880871424
770330167935963136
770265757376712705
770264877290123264
769882499556204544
769586720153174017
769586680751878144
769586680751878144
769569063358038016
769566928054681600
769566928054681600
769542357364736000
769540611699539968
769540611699539968
769207676748304384
768438705119895553
768351828492910592
768342019601227777
768303879213584387
768244369619054598
768217338852376581
768187429530370048
768124148094754816
768037957618044928
768037761836314624
768034260573908992
768034260573908992
768026429699350528
768020082253557761
768017040506511361
768017040506511361
767999152739459072
767853385110458368
767811480410619904
765531797820235776
765530309609807872
765530309609807872
764105329047138305
764083326613196801
763301969582759936
762628135577870336
762602521261211648
762593562680823809
762580816652333056
762580816652333056
762567477066956800
762277206659829760
762201717282865152
761204106912464897
761203036282875904
761203036282875904
761109243751649281
760453682668396544
759434249074274304
758970833452752896
758969834616950789
758969834616950789
758625921481973760
758191361552162816
757844005702860800
757842805754466304
757842805754466304
757606372691341312
756010336591941632
754959203274547200
754420229967605761
754047077110480896
754015831177256960
753647703800840192
753177164560957444
753174307119960064
753174307119960064
752765483594702848
752749403543330816
752402082745942016
752397237922230272
752397237922230272
752386541331292160
751938014813630464
751936535470174208
751936535470174208
751517200859721731
751471045895458816
751416751561334784
750970132382507008
750396928966397952
749907330922340352
749907033135124480
749906366526029824
749906366526029824
749841891844362240
749232202894831617
749214644699426816
748451454717943808
748449570338783232
748449570338783232
748443721285369856
748428868118261760
748428229720039424
748428229720039424
748103385807740929
748081453943119872
747815596302176256
747801021930418176
746752238413045760
746686774978686976
746683364145569792
746682502295724033
746682502295724033
746441746415034368
746256838312730624
746255234289270784
746254981586632704
746254981586632704
745714131479707648
745710439787540481
745638116678045697
745613485891936257
745570311911899136
745564747056189440
745564747056189440
745547462694207488
745545710175559681
745527074450878464
745523443953610753
745522686038675456
745522686038675456
745516547288883200
745516518889263104
745513279640920064
745513239543353344
745513074950430722
745513074933719042
745513033011605504
745513033011605504
745354273186324481
745323680121651204
745319396885827584
745256308832669696
745247884505939968
745247808861708288
745247808861708288
745243237279989760
745242689109659648
745242684877602816
745231098997768192
745231098997768192
745210143516856320
744762065663963137
744295672418013184
744246261864267776
744175098396033024
744156846013943809
744138095147253760
744136868120375296
744136868120375296
743390845471178752
743369715087712256
743355682527674368
742349566092120065
741325217700708352
741244685444915200
740989956810756096
740510624174723072
740495482619826176
740490062329171969
740490062329171969
740210721640812544
740163264961728512
740102283153793024
739930720970407936
739870249701498880
739870178738081792
739870178738081792
739799957633441792
739797510206672897
739797510206672897
739753831404310528
739721627689226240
739721286902001664
739721286902001664
739483089622204416
739467858703437825
739356748528660480
739225971971219457
739225717624442882
739225485910147072
739225371221057536
739225371221057536
739190259909529600
739164600093036544
738708197805051904
738649606288986113
738421890314842116
738251761232846848
737644814053826560
737309401204334596
737291706081644544
737271596260458496
737235267535441920
737220993412911104
737220689686564864
737220689686564864
736499650165899264
735929560072630273
735886231377182720
735874727537999872
735851161195008000
735845657668390913
735845657668390913
735779150686916609
735777991716798465
735464689182908416
735461043439292417
735461043439292417
735460072172716032
735355987960442880
735355738613223425
735355738613223425
735085338918539264
735056758322933760
734817207784513536
734798186632622081
734785029105188865
734784729011085312
734784729011085312
734357797215801344
734344182412775425
734344182412775425
734342962394599424
734341006221541376
734341006221541376
734303756536385536
734174570614296576
734150292762157057
734145018634592256
733649904195768321
733333208398503937
733283641577635842
733005930569293824
732830870592233472
731433948937494529
730297932113686529
729819460077531139
729719517270642688
729699847935275009
729678629429465088
729425407808835584
729407414584414208
729362230479863809
729359380626477057
728500745310490624
727899274416140288
727878969891115010
727877706214473729
727877706214473729
727828458613690368
727827649243033600
727827649243033600
727811658828136452
727811366569037825
727811366569037825
727794123399385088
727469616721723392
727469097559154689
727469097559154689
727222553345953792
727203305894514688
727176984200097792
727161955878854656
727117037722456065
727105101832306690
727102811062865920
727102811062865920
727021784491503616
726302458495008768
725865343160307713
725865308079177729
725865308079177729
725584390710022146
725423924331352065
725397787895037952
725391629020991488
725390078038687744
725390078038687744
725368092767952896
725357917881376768
725315440164134912
725303428205953025
725301722906767360
725301230147346432
725301230147346432
724609816094760960
723086805851983872
723060713909030912
722728083887898624
722091434053009408
721999147176456192
721961534432354305
721816044462071808
721703487013285888
721697171108728832
721697171108728832
721682660704325632
721682238992171008
721682090123792384
721681486987051008
721677174248497152
721677114387378181
721677114387378181
721254510660820992
720919299431469056
720749802242367488
720665934604668929
720646688482922496
720618318986616832
720313260478754816
720303591110500352
720303591110500352
720282973199802368
719935601361960961
719875536030461952
719802514355404800
719617120208863232
719605162894082052
719452465154912256
719196897941069828
718859613140029440
718742847894196225
718445187652055040
718286663210954753
718054634275913729
717938059740889088
717837000473186304
717833625237061632
717830240958095360
717830240958095360
717802204380286976
717741360602816512
717724767609085954
717656245130366976
717655170621042688
717654381009768449
717649107934953472
717648839851839488
717648839851839488
717641859355516928
717632047565651968
717632047565651968
717310795399434241
717047285251772416
716300360424534016
716234952342417408
716019977950740480
715988842935877632
715982065594994688
715981664036458497
715978655143473152
715975179877396482
715975179877396482
715962511514869760
715959134106034177
715952690157776896
715952690157776896
715950038162219010
715949558371581953
715946590171709441
715946444759437320
715946444759437320
715880771182075905
715866871455752193
715632033431683073
715614187947442176
715550368176979968
715540726759747585
715482523329888257
715467311893745666
715209942098173952
715174872868061184
714854958013788161
714748020693340161
714736350541586434
714732927842697216
714732551160655872
714731863533817858
714731092696252417
714731092696252417
714388656484696065
714365312158801920
714217833203372032
714215073783422976
714215073783422976
714125623116042242
714024889938784256
713824035768045568
713441828943634433
713375640616058880
713364758938800136
713319572154155009
713319547038777344
713313906446450688
713313906446450688
713307006136934400
713305991497007104
713303243414175744
713303243414175744
713294890252255232
713293000093396992
713293000093396992
713054800011726852
712992497023197184
712974631905456128
712416641418719232
712398466916487168
712341310372503552
711840978697625600
711840916177342468
711840916177342468
711526910745059328
711526699104657408
711526699104657408
711271903638495232
711224705097699329
711224098601508864
711223817063026689
711223817063026689
711193939466969088
711178420462477312
710812723966308353
710812710108315650
710812646145191937
710812509444435968
710812413344550912
710812394440810496
710808914670043137
710807657951711233
710807657951711233
710514604653285376
710463130124431361
710217701529161729
710059320474521600
709828717279907840
709491733676093442
709455640553525248
709117010588737536
708970066801459202
708951854714064896
708735945869291520
708714481816363008
708615401534521345
708588563252781056
708556748941041664
708378687843000320
708346657906286592
708279022267068416
708257892332400640
708220512221184001
708218472719847424
708217792596713472
708214612567703552
708206848189407232
708206848189407232
708193208820310016
708192667453120512
708192667453120512
708184166676869120
707968428771037184
707903841119899648
707857419221737473
707857086386970625
707857086386970625
707616511733723137
707616399112458241
707603023044997121
707603023044997121
707506893216940033
707323477347459072
707321614875140096
707318313752330240
707318313752330240
707263858306641920
707263701208924161
707263192024674304
707262242543308801
707262242543308801
707103584375148544
706174863959052292
705716958923247617
705490269815382017
705475667572494336
705437088695640065
705342709049982976
705342621913387008
705340733251649536
705340076734193664
705338862369906688
705338862369906688
705333082518384640
705332829379551232
705331538582437888
705331538582437888
705119233152315394
705108716027297793
705108107723214853
705108107723214853
705015526947491840
705014910460272640
705014910460272640
704709884718223360
704593952993890304
704279415035994112
704019897056169989
703984639887720449
703981986399043584
703981986399043584
703963552596553728
703958009446342656
703951543960141824
703951543960141824
703945662308687872
703944593549742081
703944593549742081
703631882789875712
703631869833777152
703631844768620544
703631844768620544
703298602362392579
703278097051865089
703277978529230848
703277978529230848
702727770447745024
702148055865368576
702143279333244928
702142118211543040
702142118211543040
702085137488617472
702083881797816320
702083881797816320
701804775784841217
701731635805495296
700730415053561857
700428515213250560
700356936454246400
700356836898291712
700356542495920128
700356272969904129
700356272969904129
700317299446829057
700316705365585920
700316705365585920
700117577452953601
700025607099392000
699981088127631360
699980918568722432
699980918568722432
699969543024865280
699951890923175936
699596843492188160
699552564333973504
699525937277362176
699521101723000832
699361589330341888
699333399610318849
699330233187594244
699330233187594244
699273754753499137
699245219691290624
699241968887582720
698534560326414337
697929459366817792
697697076600315904
697685474492735488
697685141372669952
697685141372669952
697514605426290688
697508782566457344
697508782566457344
697082579149844480
697046548375597056
697020527861501952
696739280987799553
696638882981507073
696376889678655492
696363951840456704
696328941985001473
696322218628931584
695591865027051520
695579437719494656
695525470704685057
694899853827182592
694875060184678400
694855859067711488
694850714770759680
694850501368795136
694850397501001728
694850397501001728
694838951656431616
694834758489088000
694831929443667968
694831219247353856
694831219247353856
694825534136651776
694769722219466752
694765291356721152
694765205448966144
694759230306385920
694759230306385920
694528042148954112
694524783615148033
694524358442754048
694523728533798912
694523728533798912
694462915445919745
694284752061333504
694256047998001153
694207299955593216
694207272583610369
694207055146651649
694206924049481728
694206924049481728
694141732800327681
694109621842231300
694070258261430272
693887702798897152
693848540527923201
693779326869835776
693422696722518016
693420619908694017
693420619908694017
693367310782959616
693365000077864960
693364991324508160
693364991324508160
693108654514532352
693106858765242368
693024172952416257
692693802960752640
692242761894993920
692033919114448901
692005348773728256
691996020838940672
691980451024617472
691977588248580097
691977488327655424
691977488327655424
691972664412520448
691942890151530496
691930011339726848
691929717985910784
691929717985910784
691928469467459584
691928000447782912
691921955897917440
691916221667766272
691916221667766272
691907984981647360
691621906982817792
691271220482985984
691179230261067776
691154313985540096
690974913608466432
690974913511972867
690974838475849728
690974838475849728
690915593084653568
690865123720839168
690858771451523073
690858771451523073
690816511368392704
690587165416361985
690587145745100800
690587126052843520
690587126052843520
690581416350990336
690568408446963713
690568090535489536
690567352371535873
690564103442685952
690564103442685952
690547449182683136
690529284625207296
690484290744930305
690251554612461568
690250098689904640
690239124746440705
690239124746440705
690233912245776384
690220828529680385
690200057350602752
690182738377310208
690153001634414592
690135234801696768
689975508621250565
689919929919918080
689911388819591170
689911221718491138
689910563166670848
689910563166670848
689904481337806848
689901087030153217
689896365678264320
689896360502546432
689895417996271616
689895417996271616
689840426803666944
689633923886776320
689498421070135296
689497791488528384
689494589011525632
689493916270346240
689493916270346240
689476189228953600
689475620926066688
689475484158156800
689475484158156800
689193691668475904
689071455749992448
689057196131381250
689013613831569409
688833200815222785
688828419438718977
688827988511735808
688826989411708928
688826989411708928
688299597337239552
688065444582965248
687959910638841856
687954163318304768
687756651139588097
687680889388675073
687655584598999040
687649696622444544
687649696622444544
687595035366420480
686973973096103936
686248355098398721
685472841723179008
685178195172278272
685147795829870593
685133578980687874
685131737853202432
685130281603481600
685130281603481600
685116420762546176
684437969260822528
684394703555407872
684347946381475840
684347295673020416
684347295673020416
683662652585951232
683649212207202306
683289151463124992
683288461047152640
683288461047152640
681960689414606848
679995445096112128
679704406888202240
677799135001595904
677787967478460416
677786086970662912
677786086970662912
677773447062269952
677612780061597696
677273065399713792
677269322633465856
677269322633465856
677264186427244545
677262232833671168
677262232833671168
677214484830789632
676791674874535936
676496153626738689
676495036742242304
676495036742242304
676465131090518017
676446177911525380
676441077843369984
676440900164304896
676440719654051840
676440021235343361
676439428236201984
676439356639469570
676439356639469570
676436770611859460
676360238220578816
676351586940100608
676348009320443904
676348009320443904
676321461615861760
676312182708183040
676193479878418432
676114205280509952
676105149471989760
676105149471989760
676067936054984704
676067495439179776
676067311133007872
676064742537043969
676064742537043969
676023529913974785
675723750084616192
675319059655876608
675305725845983232
675305725845983232
675012832698761216
675009848627580928
675009848627580928
674708856623206401
674632627610087425
674609354235056129
674601522731307008
674601522731307008
673855978589315072
673770250723266560
673126916279427072
673108714795229184
673108513409908736
673108513409908736
672850550589947904
672731638443474944
672399798234963968
672368316988682241
672367982270640128
672367982270640128
671434513382309889
671434183579947009
671434183579947009
671355451112611840
671300264809398272
671247098436788224
671245587224920064
671245587224920064
671241887047643136
671232590645469184
671232590645469184
671214373852086272
671121547197829120
670380459017285632
670309093542752256
670281714569256960
670204052643426304
669956038557306880
669911662988763136
669884693832146945
669811101719257088
669619817490587649
669473350759137281
667807706841919490
667662879638863872
667659504910249984
667659250446032896
667659011186163712
667659011186163712
667434674361339910
666968530596835328
666713696463228928
666703850313793536
666701401091870724
666701401091870724
665427237508894720
665195600258945025
665194561690562560
665194561690562560
665144136266313729
665138869935996928
664811844696211456
664400146210295808
664399878835998720
664399878835998720
664378472609898497
664351091702697985
664327762279186432
664327224409980928
664327224409980928
664114165548605444
664009731942518784
663835659111677953
663834430641938432
663834430641938432
663742757622689792
663415398788919296
663246063994806272
662893590310449152
662714767396569088
662657400881696768
662599951910838272
662313523893153792
662206965595152384
662194503009345537
661910835409866753
661902516599308289
661902516599308289
661608239855833088
661571809029070848
661485836773519360
661452596255842304
661452557030674436
661436801614266368
661435264896733184
661431861030334464
661431861030334464
661254667419197440
661234148703649792
661215172808318976
660839885822144512
660639542844768256
660494350422552576
660458404754755584
660225829432131584
660200735389392896
660200613385478144
660200613385478144
660166139910180864
660100317472796672
660094914601091072
660092395388862464
660091603546210304
660091603546210304
659781395171172360
659755505469014016
659753723233705984
659753723233705984
659748208827060225
659748053902061569
659747978090008576
659747772896313346
659747584022573056
659745624074625024
659745624074625024
659726504222400512
659642178734542848
659133384187379712
658991172459868160
658344749699612673
658262842739662848
658258215323484160
658258215323484160
658257001340870656
658256987357118464
658255564187807744
658255564187807744
657899217403445248
657799808288190465
657497809411776512
657489039424122880
657489039424122880
657129651198939136
657129236868825089
657129236868825089
657119532285370368
656937842917154818
656912194613956609
656794863946604544
656794811819806720
656792804186824704
656792804186824704
656764451065110528
656706763366895618
656600388343320576
656556741455421441
656211542342565888
656206049079369728
656206049079369728
656120973641555968
656090321995079680
656045939703050240
655891467840397315
655710511951122432
655678411277512704
655475119314378752
655447037006192640
655441476009263104
655441476009263104
655155361532522497
655080371059609600
655053519679004672
654896904334135296
654590163239219200
654395666215604224
654310983515680768
654289867141201920
654274618639937537
654262860676206592
654242176591876096
654240982414852096
654240982414852096
654239778200797184
654234686630297600
654234686630297600
654209202034995200
653982795086331904
653880888132956160
653877422799069184
653873880730308608
653873682864054272
653872123115634688
653871746681057280
653871746681057280
653629747927359488
653143879508754432
652548948058619905
652537559826960385
652537559826960385
652497921326325761
652377997001883648
652169956763676672
652140058456158208
652105988791791616
652101630914076673
652101630914076673
652080536375136256
652040880346501120
652028690331779072
652028159261454336
652025132286930944
652025132286930944
651825263072907264
651756702530977792
651669556340097024
651666363732369408
651666363732369408
650693442939564032
650308094858264576
650044437012344833
649953666775023616
649916039732588544
649912725280321536
649912336673841153
649912163881062400
649910064267051008
649910064267051008
649904056027250688
649884322586095616
649635001034768384
649490011864350720
649336026318663680
649335288603516928
649335288603516928
649234694484193280
649234570743795712
649234570743795712
649124783725113344
648940462800306177
648882911794610176
648811509196398592
648797465550958592
648609332364505088
648605012277506048
648603997398528003
648603893971206145
648603893971206145
648413513510203392
648191936210292736
647863296041816064
647822243133816833
647502839972016128
647332830075334656
646986689613840384
646688843379441664
646674199092793344
646618793410699264
646331321493622784
646296922626486273
646234895585574912
645991372399484928
645991328971653120
645988632088715264
645988428602077185
645988428602077185
645945391356116992
645539977498087425
645537575759937536
645537575759937536
645496581689638912
645496403792412672
645496403792412672
645285877992787969
645252415244103680
645169404834095104
645169299288670208
645169269215469568
645169030932922369
645168902952103936
645168902952103936
645146684050284544
645140641677225984
645139557374160896
645139390965133312
645138391546372096
645136606756765696
645136295451328512
645136295451328512
644844820377153537
644815481652805632
644216274172674048
643767250021941248
643723478055710721
643668253299113984
643433721065046016
643428453673512961
643426349592539136
643426349592539136
643005338753593344
642999843670093824
642999843670093824
642378775754354688
642378603401998336
642378603401998336
641883292753653760
641872746645979136
641872746645979136
641722967567794176
641272044294918144
640995618148732928
640984433806454784
640984433806454784
640883159530237952
640859141079232512
640822456333299712
640450245831315456
640157781207707648
639408635450368000
638994587873320960
638992154992463872
638992154992463872
638985182951931904
638984762368126976
638984762368126976
638789869297364992
638694132920254464
638628193398824960
638416254173356032
638416254152347649
638416254152347649
638373414416351233
637596725641875456
637583266707566592
637583127058235392
637583127058235392
637198878891225088
636975927449268224
636664178334433280
636533878161866752
636186634279612416
636179653317816320
636109991922020352
636095614049193984
636094886714941440
636094886714941440
635059597401788416
635017669515812864
634695092117336064
634640317959020544
634637041674887168
634612162112020480
634612162112020480
633545245217656832
633537247728508928
633028892832452609
633006025088598016
632980525653864448
632973621762392066
632973621762392066
632964191721291776
632962461868662784
632962461868662784
632918853304119296
632857185614233600
632838941947863040
632123780781985792
632103107510554624
631728306665078784
631403283731611648
630796650626351104
630762368465797120
630752529740136448
630748225662791680
630747073147748352
630747073147748352
630745391143763968
629946200888774656
629944605904125952
629221348741677060
629043079853547520
629010016641642496
628858499397775360
628834981381541888
628825444263923712
628796265002835968
628636982625890304
628525974410371072
628494380966506496
628478188537163776
628476879176114176
628476879176114176
628340695129047040
628338386751889409
628331653421735936
628331653421735936
628204621966766086
628176048090402816
627821267496890368
627764720481751040
627746835239710720
627080399181758464
627050418967867392
627013644304424960
627004859145940992
627004859145940992
626675057427918848
626476689816748033
626474143047921664
626474143047921664
626471537575489536
626471524833210368
626470013336207360
626470013336207360
626445905407922176
626434074996002816
626433531481321472
626433531443576832
626433531443576832
626335669741297664
626297204328824832
626028399799177216
626023229677785088
626023229677785088
626015743021346816
625652045589127169
625434245138399232
625423133932158976
625422351409238016
625422351409238016
625411419492745216
625409182775287808
625409182775287808
625359607750356993
625338013036507136
625276180007153664
625260842225934336
625258219812683776
625257368260096000
625255456857038848
625255357791764480
625255357791764480
624937531293962240
624886246490279937
624884030098567168
624883102821818368
624873812639784960
624873812639784960
624865155353067520
624864091039993856
624864091039993856
624578250157588481
624317138203881473
624285419371384836
624232581232525312
624214993928589312
624204164642385920
624197526867046401
624197526867046401
624177906277875712
624163604883972096
624158897645989888
624158599464505344
624158154893488128
624158154893488128
623872653103923200
623831219407613953
623596169244082176
623585463476076544
623579621943058432
623578192557797376
623576995415347200
623576995415347200
623566608934535168
623559550428426240
623559550428426240
623499418185166848
623497473122795520
623492925389959168
623492925389959168
623474667072958464
623413231382593536
623168085386752001
623161621603610624
623157862731227137
623154201544232960
623152975167537152
623152935111913472
623152935111913472
622777881601703936
622670572712034304
622385253190135808
622385190216843264
622385190216843264
622355146207567872
622343008256552960
622137239678681088
622048406207336448
622018253230067712
621788735877816320
621777549098635264
621776901774905344
621776901774905344
621774892032245760
621774734045261824
621774734045261824
621586667372158976
621575233611427840
621427263343562752
621369007203942400
621315062599393280
621229265481285632
620962371444584449
620904413721456640
620899044467064832
620895059362324480
620888370730934272
620887563117690880
620887497971748864
620887497971748864
620585819175264256
620581119558295552
620562462652407808
620555946377527296
620555508710289408
620555508710289408
620542079438090240
619965659942928384
619936988645453824
619842202747994112
619626594966110208
619626005536317440
619626005536317440
619587893737205760
619558794402623488
619556773888937984
618753789772857345
618709186600431616
618697948092891136
618697948092891136
618437624374652928
618412997107687424
618377370584621056
618375263307608064
618370676899119104
618370676899119104
618360409972678660
618344314964459520
618140149663289344
618109207750049797
618093373539360768
617742208922451968
617740134054764544
617740134054764544
617590733495758848
617287479339692032
617284690341462016
617283319055708160
617283083251908608
617283083251908608
616998668424626176
616998215339130886
616998215339130886
616934362110627840
616567153635008512
616362116203851776
616358278067527680
616358278067527680
616350856900931584
616331217517027328
616328471032283136
616326069419806720
616326069419806720
616325032839655428
616322344060100608
616315788056764418
616311573074870272
616311573074870272
616243613060734976
616237625779879936
616237625779879936
615934082199982080
615841600552501249
615647230817538049
615647091050700800
615647091050700800
615445962379665408
613971830207025152
613767975120838657
613716432610836480
613713410874806272
613705365570613248
613705023013429248
613705023013429248
613462795766616064
613363665316745216
613361194200629248
613357126291992576
613357126291992576
613311925540163584
613309391480164353
613309391480164353
613034958299492352
613034604136509440
613034604136509440
613029077939830786
613018638652542976
612930636823830528
612591803917824001
611867571546103808
611862409721053184
611862409721053184
611779597651341312
611634840799195136
611615307749294080
611587691638095872
611478672449646592
611467815992840192
611467815992840192
611208378627420160
611183638458273792
611183491296940032
611183491296940032
611176229442613248
611174064175116290
611174064175116290
610547272695345152
610090347113357312
610089505073311744
610025672933818368
610024037402693632
610024037402693632
609671316850012161
609668301011218432
609668301011218432
609367600347377665
608968301117644800
608966631063187456
608966631063187456
608940623996047360
608923794233790464
608724444496936960
608724247972859905
608724247972859905
608652175502376960
608637452430008320
608374100747292673
608178790779506688
607893528115617792
607892173799825408
607892173799825408
607873543309828096
607678691167113216
607678669755154432
607678669755154432
607485577865392128
607275201244626946
607238866769190912
607195730298740736
607194400385597440
607194318022045696
607194318022045696
607117621004267521
607022627270574080
606960244498038784
606947046973665280
606947046973665280
606932567921721344
606929111823577088
606920541442830336
606920179013021698
606920179013021698
606906150932631552
606898762544496640
606897198022967297
606896834758475777
606896554138574848
606896490313826304
606896411511279616
606896286705549312
606896165154635776
606896165154635776
606791376362196993
606788851051462656
606788851051462656
606218675507634176
606038110162567168
605645784273571840
605454943013715968
605368305310965760
605281990821191680
604362696574816257
604204545107976192
603885337706901506
603885181175472128
603885181175472128
603655101174132736
603558129666777088
603535523022577666
603535148743839745
603533735481450498
603533517671239680
603533517671239680
603285102668324865
603233819991375872
603220400387002369
603220400387002369
603214082108465152
603213944203956224
603213944203956224
603176458819923968
603125537771491329
603112380386672640
603112221388996608
603110129098162176
603109073412841472
603109073412841472
602923573032984577
602103017781997568
601735616011833344
601729709014122496
601729709014122496
601292693046714368
601144492654211073
601064014135820288
600642459480281089
600623268014469121
600309925013790720
600280579884654594
600277157550661632
600275981480370176
600275981480370176
599612290925776896
599172930665357312
599165468629413888
598792966862479360
598613978030460928
598596813621460992
598488519108100097
598476006656192512
598438720975540224
597837940094533632
597837698385244162
597837427089223680
597834245562900481
597833796554199041
597833448242417664
597830991609212931
597830991609212931
597719960618696704
597711556936359937
597711556936359937
597695311566483456
596744783738974208
596716555444031488
596667394476617729
596614880653881344
596614542538448896
596614134751502336
596614134751502336
596289739533250560
596279258944827393
596215258819203072
596213256445960192
596020994193682433
596014697125695488
596003208251715585
596003208251715585
595878307100495872
595855020911919106
595613227775561730
595555663486550016
595552100966387714
595552100966387714
595547395905183744
595271411322720256
594816176582205440
594109588741455872
594006782277656577
593298985114206208
593160203203432448
593131010692423681
592998001351725056
592724305877868548
592607550379577344
592601702743826432
592332516570324992
592004954342187008
592003016871583744
592003016871583744
591997305819136001
591996621828837376
591996621828837376
591963480854519808
591962307439235072
591962263961128961
591962263961128961
591926964832890880
591912777222070272
591901053450395649
591900211108249601
591900211108249601
591894835281457152
591882314629644288
591881513261789184
591881505250619392
591881505250619392
591876971723907072
591876701744934912
591876701744934912
591620431695720448
591571112603033600
591518050064695296
591266499232456706
591264204050554881
591264204050554881
591170942551924737
590978784859443200
590903836434399232
590901780768280577
590901780768280577
590775618335281152
590769318918512640
590769318918512640
590665376813449217
590530249957502976
590527214615207936
590527214615207936
590514491751854080
590507302723178496
590507302723178496
590502020030849024
590430824996196352
590423136904019968
590118710406475776
589765732931633152
589041132505538560
589025302640259072
588996427281489920
588793958400135168
588765770617847808
588751033502937089
588727653278035968
588726820071153664
588726820071153664
588714827918499840
588712822936358912
588712822936358912
588706399577886720
588694655849607168
588694655849607168
588689921415708673
588687689685143552
588687689685143552
588615260522741760
588405662578823168
588345170422341632
588296275432452096
588288170472636416
588288170472636416
588244460829552640
588242130818228224
588242130818228224
588206148282671104
588204068369235969
588204068369235969
588072242044657666
588012634416541697
587990329753735168
587945417612079104
587688130070892544
587537337573310464
587518225610596352
587514016609804288
587510979036061696
587510911402905600
587510911402905600
587218673280094208
587214894757519360
587214894757519360
587021319025328129
586824034538631169
586814745623269376
586551143356039170
586507832905850880
586504366493925376
586484179753369601
586483563865972736
586483454566629377
586479716456079360
586479716456079360
586472176242597888
586431095018692608
586425740234661888
586273034241236993
586250034963943425
586247975476789248
586247975476789248
586229393233747968
586215911121649664
586214997325414400
586212529635921920
586212077561323520
586211996548386816
586211996548386816
586199402471170048
586197800058257408
586192346687131648
586192346687131648
586187248288280576
586186950220054529
586186869106466818
586186635332689920
586180596331892736
586179272299126784
586177443481972736
586177443481972736
586163997969350656
586153706640510976
586153582002593792
586153293417709568
586152804428947456
586151235633446912
586150373515112449
586150249057640448
586150189263642625
586149877219983360
586143090974547969
586143090974547969
586141219664875520
586097189698543616
585918574088171520
585904888644816897
585898939590639616
585883838720548864
585812274486587392
585795600978968576
585743898162700288
585735024881836032
585735024881836032
585732217160265728
585729158497566722
585729158497566722
585709849037668353
585705002326499329
585705002326499329
585702300632686592
585698622899105792
585696134187851776
585695631685132288
585695315883360256
585695315883360256
585518680592769025
585516727255113729
585516727255113729
585493435014107136
585481007530385409
585467007056924672
585466674222080001
585466330549252096
585466330549252096
584484349862481921
584343064451358720
584342357195132928
584330239397994496
584330239397994496
584298903094349824
584117117739524096
584074426205007872
584012456407781376
583947265317953536
583938314652233728
583938314652233728
583936131827392512
583935647821537281
583935482209378304
583934735950438400
583933903276265472
583932758097059840
583932431373336577
583932294064381952
583932294064381952
583920821091102720
583545498407145473
583406016970280960
583293427850301442
583180025039556608
582929222634729472
582767258688208896
582574761525514240
582558401483403264
582558135908438016
582558135908438016
582547611317641216
582526476664352768
582507021179699200
582496303483129857
582453012670607360
582445063965405184
582443646995144704
582443646995144704
582279742591733760
582272983626096640
582272052255723520
582272052255723520
581848468089663488
581480554824130561
581309877840052224
581223181270323200
581222768710168576
581222768710168576
581191633359802368
581093257825927168
581092249372614658
581090684482011136
581090684482011136
581080558559760384
581034259525214209
581010766968463362
580795835631423489
580785696887185408
580782659951046656
580782659951046656
580761023747096576
580761023566778368
580761023566778368
580747036263374848
580722031639076864
580412936214208513
580411614391844864
580411255510470656
580409447983550464
580409447983550464
580388642549551105
580387748625907712
580387748625907712
580357010832650240
580353321816494080
580344614122577920
580344614122577920
580327685236359168
580326918911864832
580326655727665152
580320740077092864
580320740077092864
580290695941996544
580086860745220097
580044083688787968
579959450339028992
579945465397047296
579943986590326784
579943986590326784
579935430650564609
579931504828121088
579931318777184256
579931318777184256
579768424693383168
579758118747430912
579758118747430912
579721593905147905
579711941196791808
579709833772949506
579709833772949506
579704826763866112
579232312522588160
579231543366811648
579229995714875393
579229995714875393
578951907185655808
578916865092820994
578916864861978625
578916864861978625
578636621031088128
578631391346294784
578630641186660352
578630641186660352
578575968056512513
578555573932789760
578552791502876672
578552791502876672
578546144139177984
578323542472818689
578304453968846848
578280144776871940
578255071798038528
578230053684822016
578225808080257024
578225740228984833
578221710656307200
578220293086380032
578220293086380032
578170665028702208
578147326440669184
578146762386464768
578144803461967872
578142804330868736
578142714274963456
578142669723082752
578142669723082752
577970507003379712
577946204602007555
577898888339787776
577876010173100033
577843456804069376
577832142937407488
577828751154802688
577825369115508736
577822414400327680
577821181337870336
577747911955599360
577234478931832832
577219337410502657
577215139943964672
577139735979782144
576782803523751936
575782550465085441
575760850058870784
575758925938749440
575754745245208576
575752939081482240
575749650600366080
575737244025241600
575690746541572096
575603308892680192
575601007436107776
575583520019640320
575564649975914496
575407180377096192
575396072970940416
575352960579977216
575292515559038976
575279693924032512
575275040394055681
575274790711390208
575274355258605568
575273804613742592
575273425893261313
575242316237160448
575075739067936768
574889581574811649
574878320539598848
574820281878970368
574775511953489920
574733764900884480
574683792331444224
574681311400558594
574662343264714753
574349512719777792
574282926801743875
574279106893848576
574278166132441089
573936832427257856
573908759367581697
573882387035242496
573871556461490177
573860661463281664
573858492395700225
573858317682012160
573606706581733376
573506789813125120
573502910862131200
573430340452220928
573421512121827328
573157852816252928
573143952439828480
573139470360436737
573051598655651840
573048130083676160
573036070696316928
572763575711899649
572713099091951617
572638143150755840
572378441653338112
572311640047288320
572310056580083713
572137919823155200
572091110165770240
572059016077189120
571978701920989184
571235635417255936
571230484719644673
571207934304247808
571075414753468417
571050958349844480
570988178817089536
570980836037804032
570979866516045824
570933695600836608
570932591827791875
570930744861839360
570930732144713729
570870874578034688
570869905895124992
570869543503052800
570869361688358912
570869237306302464
570682176821436417
570625680825827328
570622761749639170
570622082171707392
570621830408634368
570615799934803968
570603978968440833
570603897859018752
570587876158787584
570572379119865856
570570227722928128
570544713058672640
570530681274687488
570530435576532992
570280298262499328
570262697725599744
570226453041844224
570206969035948032
570173113234788352
570171455989805056
570170509893238784
570144729347854336
570135376985260032
569915602267213825
569914951864881152
569809029750517760
569808956807385089
569111658775371776
569043318287568897
569042813440147456
568909361705168897
568861901838540800
568799477005484032
568726918830432256
568710892109635584
568706852336361472
568705067446104064
568705029386989568
568704998252683264
568536950203912192
568408586931593216
568384227911335936
568381977872764928
568374869676699648
568374065255337984
568370430421176320
568369712003977216
568365868012441600
568360758905597952
568360577518710785
568360484921085952
568359640263749632
568358731332882432
568358713104445440
568358655516663808
568358395465601024
568358301718745089
568352920212779009
568176404199813120
568112614238064640
568083877832601600
568007199072632832
568007174905069568
567933220270034945
567833652350054402
567833583685103616
567802165608329217
567802032120410112
567801720223576064
567653496921792513
567618254211137538
567412112985980928
567329303059513344
567319195973877760
567295887052144640
567270619717570560
567269485812674560
567268517503066112
567267360009375744
567264695946862592
567098864143192065
567004587308351488
566949902476120064
566944624250732544
566943722446024704
566943469399465985
566943159192924160
566942866153676802
566940929744199680
566940816149864448
566935846751072256
566928335222366208
566913587902676992
566910364462616576
566660582150275072
566650183266861056
566649478355357697
566645636460990464
566644256656588800
566608922803732480
566605386309173248
566601426923966464
566600008053829632
566597929788788737
566597707720966145
566594621376331777
566594431575654400
566552695968784384
566545041619812352
566544724639879168
566531178539515906
566331493208043521
566289055781228546
566193485213364224
565999933862739968
565907458175299584
565899119408193537
565784174947487744
565658971537944576
565613262851813376
565607195484909568
565607082632957952
565590536829272066
565579970135994372
565578829805391874
565576020347330561
565573303176552449
565571268809080832
565571098998091776
565450663476625408
565267188928757761
565244249168691200
565223816562237441
565221021452861440
565095445266173952
565071969469480960
564888459798933504
564872767938777090
564871327694462976
564871234664800256
564871041986867201
564869863319928832
564852754532020224
564828947850874880
564828890619592705
564825592512933890
564769898996703232
564751029062107137
564529005177864192
564503264994271232
564210077113274370
563742102941876224
563674767128268800
563594872977100800
563453520305979393
563445371507322881
563439543157010434
563438582715924480
563438035648643073
563423271560183808
563413961937133571
563413524949786624
563372244878254080
563269226891595776
563233114382929920
563232647313625088
563146618980278272
563097605908226048
563092663688507392
563016566154231808
563012689107365888
563012689107365888
562891820431323137
562888666960642048
562885902092222464
562581584176746496
562543596982009856
562543087139168256
562005944151072769
561935581123731457
561584072141836288
561225188780806145
561215008651362304
560867753113165827
560866258267410432
560863802879918082
560774603912781824
560773189501202434
560771950763855872
560589611874140160
560564346343161856
560560618881957889
560524441005076481
560519533040271361
560519448046862336
560519384675139584
560504001050206208
560405699424186368
560366385319411712
560322670194360321
560315462563946496
560118638058172416
560118621025103872
560081092959817729
559722722436325376
559722672503144448
559657463289745408
559609436768309248
559433285731123200
559287022456946689
559063742751592448
559035143214870528
559018646337761281
559018431291621377
559017885407133696
558537548159791104
557912113155694593
557852561076920321
557844634324721666
557838148890525696
557837729556619267
557831319997407233
557830140647178240
557820189803565056
557814323842912257
557663481772924934
557660034528997376
557650228233650176
557645789582069761
557643244151250944
557642620357603330
557639326390317057
557620027206426626
557615503859286018
557608535694262272
557608486608306176
557608409210822656
557594360091803649
557584686713933824
557535197055684610
557533858787524608
557510448367804416
557510275688325121
557505900567867392
557495795604529152
557495788428091392
557494773578493952
557494412704759809
557494229635981312
557494216054804480
557458638487703552
557453893425434624
557288813366890498
557287883313537025
557236538976006144
557209323584356352
557201563778039808
557201216565161984
557200107062697985
557199039750746112
557198569971920897
557190596180606977
557190240491028480
557189853604249601
557181993432383488
557175888086040576
557173173113069568
557168153927884800
557162038976593921
557115599781109761
557090710223347712
556805289920696321
556796174255280129
556795561329037313
556512592584523776
556486180595052544
556407200043003904
556407041393451009
556402659906039808
556219787442155520
556156619613286400
556149780142100480
556102357256503296
556097425530945537
556097004670304256
556095070731272192
556076875072950273
556039688428199936
556022526821015552
556016876258869248
555904044925845505
555867641223458816
555842872147456000
555841576325611523
555840861356183553
555840843962408962
555786126716571651
555759964846055424
555713627861581825
555668661449789441
555667164867608576
555659827805167616
555658509359276033
555656828454187009
555655343385366528
555655198954500097
555654027263098880
555653448986030080
555653185315278850
555647907714846720
555647805428359168
555647736381718529
555601028704251904
555479542648033280
555451557320589312
555432095385145345
555407795420692483
555403348833492992
555402407950422016
555401722861199360
555398632514797570
555395219387351041
555394578363465728
555375592615727104
555375552576897024
555375401435152384
555375361215979521
555360604140351488
555274667628695552
555037918407163905
555029069591769089
555018848609370112
554905655514267648
554904018863280129
554759664614006784
554740432350220288
554721422191624192
554715179553153024
554706017494511616
554704101859401728
554703688905019392
554703085118177280
554702838996422656
554702772852244481
554702431096172544
554701662687076352
554680489366519808
554671015213957121
553618288002220032
553617775869321216
553524108185833472
553221247535153152
553189226540724224
553184083103461376
552942174166597633
552912917105221633
552909270963204096
552909270963204096
552808874731134976
552747422150307841
552742591759122432
552742591759122432
552617365167702017
552535601707495426
552526125369679872
552507426025766912
552482172536631298
552436944161226756
552403816663244801
552398442170163201
552397629356007425
552228912710057984
552217543998722048
552213836154298369
552210319171682305
552210155774148608
552209988761157633
552209898256486401
552200480471130112
552200480471130112
552185047068196864
552184712186191872
552142926412001280
552140464103915520
552102548703027200
552092425293152256
552087697276141569
552087697276141569
552074553313492992
552056720143294466
552008761326333952
551836382575206400
551777218280820736
551770793630121985
551712374601039872
551700124913926144
551687444647927808
551685092759052288
551611337827450881
551524728620720132
551521957439889410
551475371049488385
551463631658168320
551463307069366275
551462896564436992
551462896564436992
551458364241485824
551453066600669184
551452009514409986
551444321355190273
551443438252851200
551443438252851200
551419665541763073
551411811128713216
551411516839563264
551410612799303680
551409648759488514
551409648759488514
551344617481076736
551337278216224768
551328591058059265
551328591058059265
551135271685996544
551115506917576704
551112850173739008
551097367823253504
551062164203929601
551048390092808194
550999443928276992
550981795685359617
550979213168488449
550976697898917888
550973154701901824
550971450706771968
550971037807308800
550970854108975105
550970674727358465
550955375172653056
550931375306854400
550645664976486401
550624880950263808
550609591672000512
550609542535733248
550609298238492672
550567960872357888
550251418024968193
550246176491331584
550032852666970113
549988371196416000
549947949426675713
549885022409203713
549881970743083008
549876406663282688
549876406663282688
549597150523707392
549591130544041984
549590145977294849
549590145977294849
549557291167776768
549554795754053632
549545218367033344
549544317770276864
549543614754586626
549541629439533056
549540773877010433
549539593989922817
549538333920354304
549538203972435968
549537883070410752
549537874367225856
549537845996974081
549537682708529152
549537621446508544
549528369139056640
549528033544404992
549527584019849216
549504480874475520
549501574650036224
549501574650036224
549435472439943168
549300744277753856
549293870971092993
548859027191791619
548572611043930113
548542346649165824
548502981701033984
548495315591266304
548487164816658433
548487164816658433
548136457794514944
547904929009246211
547791497786302465
547477035699171329
547414278287147008
547414097147748353
547352099596804096
547340037076291584
547228455264587777
547151340850651136
547149623643885568
547149623643885568
547136037622149120
547130629499129856
547130521416110080
547130521416110080
547058006152589312
547057863584014336
546962525800390656
546962287639400448
546962287639400448
546643908563066881
546609372743630848
546598688584658944
546092878381191168
546091763757514752
546091743310249985
546091743310249985
545987332852424704
545975645155491840
545933500642508800
545914996426043393
545912806437306369
545908761756708864
545688717550043136
545664067776806912
545583155726782464
545525465419882497
545298189696659456
545226833143549952
545157651265777664
544981328416890883
544873449668509696
544872999632252928
544859056536821760
544764245087629312
544641474252800000
544602447000248320
544547237674905600
544542701484789760
544538499257749505
544538194487033856
544538145338175488
544533267098394624
544533267098394624
544468405366325248
544468299363676160
544426869781573632
544386322329534464
544248010671403009
544212944620228608
544196125289627650
544193190014644224
544191354113650689
544189095887798272
544189095887798272
544170335122116608
544166699579490305
544153269216346113
544148897330106369
544135538027294720
544135538027294720
544098204955201536
544082312703774720
544079068254445568
544078910347280384
544078421807341568
543941352233644032
543941215717445633
543941215717445633
543852815547125760
543850678062686208
543836911060926465
543826078415196160
543818445444644864
543818445444644864
543803719549480960
543724751395749889
543713153839017985
543710018789724160
543688080008294400
543508088117284864
543469505599766528
543418342812700672
543349665828446208
543341996136759296
543341793279246336
543341584180584450
543173269650542593
543162080858107904
543151114737418240
543107220850741249
543081960382267392
543077988401971200
543072770343833600
543071938462375936
543070318156201984
543069267126935552
543069267126935552
543059038729420801
543042721016201216
543022459575095296
543011087495733248
542987341292634112
542978224062353409
542977048894246912
542974679372554240
542967479920644096
542808340808863745
542680566898774017
542642089973268480
542600010354143232
542449100570894336
542412906399162368
542410036903825408
542408850016440320
542394666721636352
542356043922419712
542352848496115712
542307694829252609
542307360120000513
542231470551470081
542213272909647872
542099138390032384
542075334854987777
542073073298862081
542053578060607488
542051715185659904
542050957161660416
542050624276537344
542045094619402240
542044944811433984
542032056696717312
541720943706771460
541654526303158272
541567005707743233
541546599844184066
541535409616867328
541531665630519296
541531280475963392
541531165036150784
541530841978245120
541336506657677312
541306399708708865
541298276688203776
541298276688203776
541274767937265664
541270055347306496
541269371499606016
541269090271109120
541221784587366400
541220650871164930
541220544641646594
541179982312374272
541138738416730112
541002222403059712
541001793678082049
540997974021926912
540996595580682240
540996445101637632
540996253283540992
540996117539078145
540995544080850944
540994787563036674
540994736434446338
540994736434446338
540994469899026432
540994448910733312
540994362575175681
540994351221194754
540994319252213761
540994235634565120
540994215761944576
540960540336881664
540855079767912449
540505055582232577
540502562852855808
540497280445718528
540497280445718528
540495844542517248
540490320015032320
540490320015032320
540237123354636288
540236449866842112
540235590550433793
540235590550433793
540219515909701632
540219284308652032
540217567802327040
540217567802327040
540159709664530432
540159482723332096
540159343539531776
540159343539531776
540119385789452289
540111324618162176
540107862207635456
540107862207635456
540095488897581056
540086544900825088
540079977774202880
540064598767185921
540062098337067008
540061534366740480
540061314366701568
539914000469749761
539892956850057216
539869017893511169
539867784864624640
539856979758702592
539811646517280768
539806481127079937
539804857629442049
539803472019718145
539788533490532352
539768266793947136
539763477938995200
539762882591068160
539444061388562434
539372109382705152
539353794174525440
539350757511028736
539339622636326912
539339546249658368
539332279450210304
539330092241936384
538785169025413120
538719306377601024
538679856792600576
538645491240960000
538645051161976832
538636816149389313
538591992268472321
538468004213059584
538405630567268355
538399780616278018
538307929418784768
538307647045644288
538280390960873472
538230624575037440
538108458458157058
538108457594134528
538050346900525057
538048182748721152
538042806649225216
537996774024028160
537935091922530305
537934665496420352
537934286633304064
537934164742643712
537934003740110849
537933882747006976
537894801535156224
537894370008379392
537808773398536192
537663263807664128
537661202005241856
537457867679223808
537457867675013121
537443713291915265
537298205890060288
537296848852377600
537296184629395456
537289584694931457
537251912765415424
537185680544526336
537185680544526336
