820758609642590211
820756457855520769
820756457855520769
820752641273819137
820751247993139201
820751247993139201
818222273622589441
818129827974828035
818126902724530178
818121705415725060
818121705415725060
817470837309734914
817466802351603712
817465807395504128
817465807395504128
816016649702768640
816001139489570816
815916191571132416
815915621909143552
815914451434143744
815914451434143744
815890766686023680
815886557303414784
815886557303414784
815670160724000769
815667905778032640
815667905778032640
815658666066083840
815655624398737408
815655624398737408
809361497096945664
806972960636600320
804122906787807233
804112977523777536
803931699679784961
802570144438308865
801966442597990400
801201054687760384
799094741883359232
799079653457743872
798868342337630213
798853166410280963
797086536684732416
797076763910242305
795153773954011136
795151281006542848
795151281006542848
794610131749261312
791575218376495104
791565191062417408
787707439135219712
787679566642843653
787674486766235649
787674486766235649
786320588356845568
786310684212662272
785950328340504576
784882415919661056
783451666804637696
783449223291367424
783449223291367424
783089288669831168
783081746086653952
782971061038120965
781938326827896832
781937638278397952
781937638278397952
780146055837061120
780136674579939328
780129750362779648
780129750362779648
780104119394639872
780031743768264704
780030846300487680
780030846300487680
779589846276960256
779583049159872512
779583049159872512
779410925350752256
779405020689117184
779405020689117184
779397844247601153
779383620502978560
778480134982627328
778470959787282432
778325281635467264
778300815484317697
778274027165061120
778267514430193664
778267514430193664
778264608771600384
778264037608087553
778263934910468097
778263629762269184
778263585239732224
778263585239732224
777600892954636288
777529209212243968
777521972112678912
777519548123770880
777518145724616704
777517932461129729
777517894070571008
777517738378100740
777517184075567105
777517153155182592
777516142516723712
777514958930280448
777514673981779968
777513815277797376
777513815277797376
777506464910958593
777506298057388032
777506298057388032
776782102931054592
776758616732950528
776143519698288642
775947309930549249
775939658962251776
770889240280522752
770888878068731904
770888878068731904
768941117857333248
768931228573720577
768703681055383552
768669343697604608
768656683967115264
762736433530535937
762735178435403777
762735178435403777
762189151953453060
761300786055745536
761298198572957696
761295709119348736
761295709119348736
756086346276540416
756079037399855104
755434696385921024
755104625464844288
755104313928744960
755104313928744960
754965647847809024
754953756324667392
754953756324667392
754952393943646208
754946219668041728
754946109861224449
754946109861224449
754925502767493120
754808055330697216
754795231674044416
754793930558963712
754793380643823616
754793125470666752
754793125470666752
746267640973369344
746265308743241728
746265308743241728
746056763686871040
743214205533327361
743208875499921408
743208875499921408
743204620248428544
743146930465837056
743127573060804608
740681925040472064
740665248240304128
740662006718418944
740662006718418944
740615553639944192
740605709725913088
740314604040015872
740289872745922560
740289869063159813
740289526527098880
740289440778588161
740289440778588161
739932570100568069
739822981581570049
739776390187339776
739760800861171712
739749199596621824
739749199596621824
739714526258573312
739579268552876033
739563304927043585
739562054005227520
739562054005227520
739479364958617600
739455472303013888
739455077807706113
739455077807706113
739416299697262592
739414073150967808
739412919377661952
739401233719545856
739401075908837376
739401075908837376
739396446416457728
739391815049170944
739391053208408064
739385811435655168
739385811435655168
739325994960621568
739152611920773120
739124202066808832
739123989361131522
739123899787530240
739123765720842240
739123765720842240
739111582572154881
739111259778514945
739110140390035457
739109898449997824
739109898449997824
739048218613428224
739047605829828609
739045900367073280
739045900367073280
739036330794094592
739020444167249920
739019732125372416
739019732125372416
738851077139881984
738810511907782656
738773337342627841
738773248939298816
738773248939298816
738634341656473600
738632580505993216
738632580505993216
738627772248162304
738370815318753280
738341038541156352
738299463828144130
738297381838565377
738271174367576064
738153781506908161
738152796206202880
738151015426314241
738151015426314241
737759504222261248
737716428158177281
737678500656713732
737678036263436288
737672462276657152
737672283918114816
737671894447591424
737671894447591424
737656351556571136
737642186779570176
737634293594259456
737634293594259456
737630128445005824
737629453841469440
737629453841469440
737149191999229952
736649304341942273
736634829689761792
736634311999426562
736632568028794880
736631715003781122
736631035576864768
736631035576864768
736549805971918848
736549621867110400
736549621867110400
736205438736302081
736195626669596672
736128373861277696
736121844370116608
735891648513777664
735887233832587264
735887233832587264
735878383318487040
735878112559435776
735877862620864512
735876750987689984
735875725434163201
735874487871148032
735874487871148032
735854539040010240
735854479971614720
735854479971614720
735844674389344257
735838526508552192
735838520674246657
735837744501542912
735837744501542912
735811530143457280
735807908462596096
735807480752668672
735807480752668672
735800423873974272
735799872545247233
735799785207255040
735799004668268544
735791614120054785
735791614120054785
735790657193844736
735787336370262016
735785003141844995
735784448357105664
735784222296674305
735783979958165504
735783884470657026
735783884470657026
735721223343083521
735718092647464960
735717367469072393
735717367469072393
735698750299983872
735608600396201984
735603766158893056
735597912286187520
735595843043110916
735595460795072513
735595460795072513
735366709733953536
735360782884540416
735360782884540416
735350521431744513
735350499088732160
735340406674751488
735340406674751488
735289931661217792
735250078554804224
735245603635089412
735244660734631936
735242620159528965
735242620159528965
735219749152526340
735211614580936705
735191299511357442
735179610028187650
735179469443366912
735179469443366912
735163826128060417
735163593218367489
735163512855482368
735163301718560768
735160492876910593
735160492876910593
735147805581398016
735144321951862784
735142967707598848
735142967707598848
735140336968814592
735139443208818688
735139443208818688
735103106858528772
735099402319233024
735099402319233024
735096810432299011
735093177909149696
735084553853886464
735084538880217088
735084492315086848
735082018040651780
735082018040651780
735063549685424128
735059315992694784
735058388284002308
735058170041749504
735058170041749504
735012898599260160
735012414345863168
735012124330692608
735012124330692608
734981775210991616
734892164027691008
734882563647524864
734879915305111552
734879832950071297
734873520354807812
734873520354807812
734478631456677890
734405866024210432
734373080668069890
734256069627764736
734204018910756864
734165750055899136
734152635524190212
734128928613400576
734128564258377729
734128564258377729
734077720414593026
734076744341262336
734075905811832832
734075821955112961
734074382134435840
734073247407439872
734072984655306754
734072277332004864
734072277332004864
734068151353257984
734068113302532097
734060618337116160
734060618337116160
734015208998502402
734010252904005632
734010252904005632
733976453570830336
733973818402844672
733968397223010309
733968397223010309
733963745064542210
733963030225137664
733961411974594560
733961167656357888
733960445149773824
733960445149773824
733946472144764928
733935631076757506
733934973380636672
733934823513948160
733934730366857216
733934711681253377
733934364082491392
733934364082491392
733934115343507456
733934114781450241
733933418673778688
733933254286430208
733933254286430208
733719535879135234
733714629793353729
733714629793353729
733672530423230464
733599010838040576
733379944554848256
733372034588217348
733332301132746752
733263588807344128
733260867995766784
733255599702605824
733255599702605824
733244089601302529
733233247660998656
733232140448608257
733231500938903552
733230774045028352
733230596248461313
733230596248461313
733222435173113856
733222318231715840
733222318231715840
733154665634926593
732995380355432448
732894410439036928
732846960814784512
732838614703452160
732836367953240064
732836263267553281
732836263267553281
732702333256208385
732678942507868161
732670892619276289
732670892619276289
732598735092453377
732585025355558912
732578024168755200
732578024168755200
732349723525419008
732341031031742464
732341031031742464
732272712681410560
732250514767945729
732249246255190017
732248022709587970
732247501831610370
732247241746976768
732247241746976768
732243020104519684
732201283269054464
732198151180943361
732197898063122432
732197898063122432
732197630672023552
731959550799183872
731896667272777729
731882419532374016
731866955783798784
731865038248611840
731859553290178561
731853713682403328
731851438574477312
731851438574477312
731849397198278657
731841238463336448
731841238463336448
731794308022571008
731793160951758848
731793160951758848
731765711849312256
731763555381465089
731763555381465089
731756669663891456
731750255293779969
731745461053329408
731745389259436032
731745389259436032
731744432245084160
731744334027067392
731743178823503872
731743136385515520
731742986216865792
731742797464784896
731732604823687169
731732604823687169
731632537630609409
731624259332804608
731624259332804608
731623720171798528
731605029703045120
731601914316640257
731601914316640257
731554266213695488
731554139935801344
731548685742571520
731548685742571520
731546813669478400
731546741657501696
731546741657501696
731428631734521856
731183963247652864
731174413807292417
731172801286131714
731172801286131714
731170881096060928
730939609778114561
730936241118707714
730936241118707714
730883101254139905
730879118682787841
730878907013050369
730878907013050369
730825574936158209
730821432922517504
730817970679758848
730817940325605376
730817870989541376
730810819320156162
730810819320156162
730796343388672000
730768186749112320
730765679092219905
730764889673879552
730764889673879552
730752486429106176
730750949954850816
730750949954850816
730735740607463424
730735656511651841
730735527117369344
730735527117369344
730688931247820800
730688175027462144
730688175027462144
730683817002971136
730682112819494917
730682051591065600
730679703028240384
730679579195637760
730676526522466304
730676526522466304
730627910936203264
730545613633425408
730540764380401664
730540764380401664
730520003188011012
730503565882621952
730503565882621952
730471399635193856
730462081766596608
730462081766596608
730455683653603328
730455227158122496
730455227158122496
730425321523187717
730392676177199106
730384246385344514
730382184381599744
730382184381599744
730353292597932032
730348248951607298
730348248951607298
730340172383031296
730338162174775297
730337830317268993
730337813074460672
730333261055053824
730331422381215744
730329806957641728
730329806957641728
730314613091405824
730282628113416192
730268755159359488
730147532676997121
730142615778250752
730137116055842816
730137116055842816
730127778398490624
730091154805526528
730089391255900160
730086740325715968
730084525020217346
730084525020217346
730052806653169664
730052451127152640
730050286157504512
730050286157504512
730037807939489792
730037012653281282
730036764522483713
730035998697136129
730035702847672320
730035587537850368
730035587537850368
729927474654621696
729927474621104128
729918457278517248
729918457278517248
729914336475545601
729911090591600640
729911090591600640
729897418192527360
729873867511091200
729842556012527616
729840273094782976
729813490219749377
729785358372745218
729778510785613824
729740709964689409
729739260249686016
729739260249686016
729724025266638848
729582901885599745
729551763724898304
729551697291399169
729551697291399169
729431791937978369
729430460145795074
729429814319386630
729429630986399745
729429027799367680
729429027799367680
729419361048510465
729417578511278080
729414281196912641
729414012639825921
729414012639825921
729381344632000513
729374600694509568
729374600694509568
729374064603746305
729365614473678848
729365604617064448
729360235392045058
729360235392045058
729353565714690054
729335041617203200
729331039663992833
729331039663992833
729326507781394433
729316492022517762
729316059749220352
729315879297658880
729315093285113856
729314432250187776
729314432250187776
729313678760235008
729310263221096450
729307404589010944
729301390628167680
729301202752679938
729300649947627521
729300649909882881
729300649909882881
729295966835224576
729294788147740675
729294733034594304
729294676713410560
729287805944377344
729287805944377344
729282786985713664
729273611949871104
729273611949871104
729255898011598848
729255119343239168
729255119343239168
729252911482540032
729252050089955329
729251108846186496
729244217516625920
729240122730876929
729240122730876929
729233040476647424
729231603927531520
729229342543388672
729229065320865792
729228984307847168
729228523152486401
729228523152486401
728713623741337600
728640887803285505
728639335432638464
728634504890437634
728634504890437634
728526655615045632
728526172942958592
728526172942958592
728503340867461120
728345666372702208
728338202373836804
728335674911432704
728333002720292864
728332491069788160
728332491069788160
728308913754546176
728295797347995652
728277899065839617
728276598806466560
728275600394358785
728275335976988676
728272085412352000
728272085412352000
728268943358595073
728268335373258754
728268335373258754
728167832018620417
728161565166329856
728132605816627200
728132540624560128
728120675152470018
728118305253269504
728118305253269504
727967274565570560
727966970461736961
727944202580054017
727942868841725952
727942868841725952
727936433042931712
727936209952051200
727934254630486016
727932529727123456
727932199757041664
727931607605202948
727931118570360832
727931034315194368
727930935509946376
727930935509946376
727816305299079168
727762166049345536
727756902042587137
727756654498951168
727756654498951168
727679150513868801
727623814834749441
727614758065717249
727614586791333889
727614531489439744
727613915635589120
727612615724310530
727612152949903362
727610727813500928
727609239338950658
727609106723422208
727609002578817025
727608854234664961
727608854234664961
727571955709296640
727571679258497024
727571047508234240
727565012638797830
727564852273807360
727564852273807360
727561999148797952
727561547082510338
727558874451054592
727558120281649158
727557750528593922
727556931594936320
727555144913682432
727555099330002944
727554370489991168
727554272485842948
727552437423329281
727550875137363968
727548363852398593
727548363852398593
727546822202368001
727535075475263488
727535075475263488
727474142753251329
727470012072603648
727468439342833664
727467038453686272
727464310826475520
727463698936266752
727463698936266752
727454227266736132
727446528026136576
727444994223673344
727444994223673344
727439772856254468
727439325361786880
727437436884815872
727435723817779200
727435542116360192
727435531882270720
727435435224477697
727433117116588032
727432538361331712
727431793339674624
727431793339674624
727419267348570112
727418711683006465
727418711683006465
727389051427405824
727366476232019968
727359979641036800
727269406846373889
727267498136080384
727267498136080384
727235242243842052
727230904469458949
727230904469458949
727227484039688194
727222661219229696
727221119523147777
727216167585222660
727216167585222660
727214999073132544
727212393315590144
727210021755453441
727206362573316096
727204678765830147
727203382289637376
727202141882966016
727201965118251008
727201284613378048
727201284613378048
727192397411717122
727185882101518341
727185882101518341
727174434931544064
727172938340904961
727171454102560769
727171454102560769
727166731693752320
727163409091928064
727161012646993920
727160912898068481
727160277276479488
727159702065401856
727159702065401856
727152314046373888
727152090003439617
727151882918088704
727151457934426112
727150846757187586
727150846757187586
727100479503740928
727043150695522305
727029269554188288
726851602695479296
726837091682934785
726833850748395520
726824732402716672
726824694972817411
726824694972817411
726810382019510278
726805270668673024
726801687520907269
726801687520907269
726770039739834368
726767548876886016
726767548876886016
726733937624670209
726733740123258880
726733620946309120
726733620946309120
726726215340593152
726726008888549377
726726008888549377
726716560581246976
726712897196400640
726712897196400640
726688749296443393
726670963023175680
726653882764546048
726585132317028352
726549394963763200
726549121956470785
726549121956470785
726522299424329728
726513660106051585
726511817258864640
726506384230109185
726506384230109185
726501687649796096
726500993123385344
726500905839898625
726499790792577024
726492750598815744
726492659615961088
726492659615961088
726484100677287936
726481837049167873
726477663582490624
726475317448159233
726475317448159233
726472952502452224
726469407027920896
726465662235885568
726464040457895939
726461059721224192
726460154481414146
726460154481414146
726459845570904064
726458633312165890
726458622662836224
726458317594329089
726458294680883200
726458288699768832
726458043622383617
726457942308970496
726457681091923968
726454110699048960
726454110699048960
726442247286317059
726438262882062337
726438250638938115
726436435964891137
726436371519381504
726436343551807489
726432108969902080
726432067907674112
726431678848229376
726431573831200768
726431498904174593
726431389701292033
726431364791341056
726430835864379392
726430460973342720
726430072626941953
726430072626941953
726429608531341313
726429156754505728
726427945271742466
726427701465198592
726427303115382784
726423520406847488
726423150393745410
726422841017651200
726421738242904069
726420243862663168
726418471307857920
726417827125669889
726417369019613184
726416593119531009
726416593119531009
726410901155368960
726410072906145792
726409714834268160
726409265024503809
726400285283893248
726400152404152320
726400152404152320
726399101571633152
726396969560752128
726394905732497408
726394623510339584
726394623510339584
726382413031550977
726381406235049984
726379008682823680
726373930722799617
726373930722799617
726369136952152064
726355634283749376
726355634283749376
726353727360212997
726346928468951044
726343757541462016
726342874170855425
726342718155313152
726342718155313152
726328169268187137
726271244543340544
726255115242459137
726160220934799360
726155379537788933
726155278706679809
726155239645155329
726155239645155329
726108394483015680
726089191021547520
726086724321959936
726086724321959936
726044986949668864
726044910365847552
726044866250178560
726044677431005184
726044677431005184
726025530311593984
726016324426682368
726013334319980544
726011782683205632
726010189510483968
726010106547191808
726008632769429504
726007730700468224
726007730700468224
726007036224409600
726006918922272768
725999501283045376
725999473219014660
725999373197426688
725999348983672837
725999302674382848
725997615641419776
725994573084942336
725992874257477632
725992874257477632
725990115886157824
725988740351549440
725988372502708224
725978619496009728
725978619496009728
725975849825144832
725975467954688000
725975268301623297
725973226107580416
725967925081939968
725967768475066368
725966658427342848
725966658427342848
725868116044046337
725839267818274816
725826113252024320
725826113252024320
725818169311551492
725818034309480448
725815155389566980
725814985897709568
725814074559324165
725814074559324165
725809770985299968
725808488631390210
725807215949561857
725806512644435969
725806189011963904
725801983815340033
725801964609613824
725801573071355905
725801573071355905
725790992981483520
725790245099307009
725784477570572288
725780989826465792
725780989826465792
725778423260536832
725765786065899521
725765786065899521
725763566620557312
725762317875556353
725762031144546305
725762031144546305
725742874088869888
725742127825739777
725740372668878849
725740365492420608
725740341932994560
725740288103342081
725740288103342081
725721577569050626
725716109752717313
725715588497166338
725715588497166338
725697913410695168
725696409815621632
725696363376312321
725695787968139264
725694857709273089
725693257422884864
725693238972153857
725693211176521728
725692958830419969
725691421777342464
725691421777342464
725687253163466756
725664735987949568
725650662864855041
725648056788631552
725647686800691200
725647554193559556
725647554193559556
725630680680550400
725613821352628224
725605612176953344
725605608142069760
725605468362657792
725605437161279488
725605437161279488
725593943430336512
725593866892640256
725593386389004288
725593243828781056
725592511213916160
725588525538795521
725588161020190720
725586137415299072
725586137415299072
725559105281208320
725472776853852165
725451374469758977
725446758151507968
725433841616314368
725433841616314368
725426368398409728
725421215578513410
725421215578513410
725417665657974784
725411587536879617
725411101798715393
725405752890908677
725405752890908677
725397550774255616
725385378321063936
725383422353510401
725381814118965248
725377031983214592
725377031983214592
725372575761752066
725370076786995200
725369651031642112
725368186888159232
725367509499662337
725367392344391680
725362379962339328
725361858279002112
725359066437025792
725359066437025792
725352442649567235
725344073951924226
725344073951924226
725341624633556992
725337230772940800
725336556106555392
725333959312347139
725333884406259713
725332507579826176
725331633151287297
725331633151287297
725324038646710273
725319784192155648
725318695648677888
725318693534732288
725318375057068032
725318118604681220
725318118604681220
725294082961080320
725293978476797953
725293978476797953
725274194792079360
725272242318401536
725270502579773441
725270163470311424
725269361934606336
725269361934606336
725264632538083328
725264459242049537
725264358561996800
725263756754833408
725262429714825216
725262429714825216
725251130511482880
725250858187907073
725249684944592896
725249684944592896
725223381772189696
725222068686610432
725222009668538368
725222009668538368
725220865361715200
725220705848143872
725220419582738432
725219099618455552
725218868449415168
725218868449415168
725114884921393153
725101250463801346
725101250463801346
725090608554057728
725090533819973632
725090533819973632
725072023161049090
725060103427215361
725052256744300544
725050763555291138
725050717413715973
725050697583058944
725050036049051652
725042070478544896
725042070478544896
725036904870219776
725023263869513729
725023123771428864
725022876412334080
725020935049322497
725020483415101444
725017679745146880
725017447338774528
725016997327699968
725014650908229632
725014565067579393
725014294400741376
725012122455949317
725012122455949317
725008694958759936
725008533226459137
725008417107140608
725006973440253952
725006825683320832
725004945187987457
725003847974981633
725003230409842689
725000771864023040
725000564476641281
725000116604645377
724999097074221056
724999097074221056
724992011913285633
724981517324312576
724981517324312576
724979650410196993
724977319073452032
724965334822825984
724965334822825984
724963297120931840
724962012552388608
724954249914925056
724954080683167744
724954080683167744
724938964763873285
724938940193640449
724938357860651008
724937206134116353
724936709394288641
724935544615096320
724935544615096320
724934044853624832
724932969815789570
724926959109701634
724923545768308736
724922253704630273
724922253704630273
724919281750822912
724916164783124481
724916092594954240
724915528679198720
724915103485841408
724913522300325888
724911985444446212
724907205003218946
724907205003218946
724899975889575936
724899383590924288
724899011761737728
724894887934595073
724893229380980736
724893064863584256
724892736097271808
724892657600835587
724892537027219457
724892336556220416
724891401545256961
724891401545256961
724888380203524096
724880912673034240
724880747035774977
724880650692603904
724880226191302657
724880046448611328
724879351678914561
724879117712240640
724879117712240640
724862946963251207
724862789823639552
724862789823639552
724854442923798530
724854290381168640
724854290381168640
724719061968539650
724709235930587136
724708698061459456
724708698061459456
724704760113274880
724703903477063680
724700340533223425
724698115127808000
724698115127808000
724680609822552064
724679831573635072
724679831573635072
724675307312164868
724672623297306624
724671306721955845
724668641342558208
724665354027433986
724664946215268352
724664946215268352
724659466084425728
724658483786862592
724657993539817472
724657918616936448
724657844134531073
724657662655369216
724657542069145600
724657542069145600
724646421937422337
724644441651290112
724643628245721089
724642306138226689
724641156475293700
724638605847703553
724637304426364928
724634849697476608
724634002162896896
724633215676325888
724633215676325888
724631808369934344
724631378667704322
724630055930986496
724629556955602945
724628087384752128
724627304689864704
724626301592723456
724622827224182784
724622555798200320
724619832176594945
724619832176594945
724616954540109825
724614355304718337
724612870261055492
724609181903409153
724608234699526144
724607204381302784
724606744459132930
724606214752112641
724606090755887107
724606013895245824
724605433848184832
724605349521711104
724604837762084864
724604640575238144
724604504822452224
724604356008546306
724603439393705984
724603439393705984
724602797832953857
724600610658627584
724599923354800130
724597024671322114
724593462767656960
724592713635618820
724592241038249984
724591637817614337
724591552505458688
724591552505458688
724586290449133568
724579737604096000
724579737604096000
724569677633077249
724564184126631937
724564184126631937
724543528735506432
724540588897513472
724534441914322944
724529234539061248
724528792065048576
724528425533358080
724528409364320256
724528042039742464
724528042039742464
724517873935355905
724517696377884672
724515208811696128
724514598104227840
724514598104227840
724512008100519936
724511319848787968
724510113566973952
724509843864870912
724505406819708928
724505389761441792
724503570184310784
724500948589109248
724500255417466880
724500255417466880
724496929770582016
724495496828596225
724495145975074816
724494392745201664
724493805118996480
724493710902304768
724493638353453056
724493569826893824
724493425828081664
724493366117982208
724492543984046080
724491554996539392
724489157809201152
724487149865848834
724486585878753280
724486026090143745
724483388120375296
724483149762289664
724483134197248000
724482841690648576
724482841690648576
724480782048366592
724478177960144896
724476684162969600
724473238395478016
724469037359575040
724469037359575040
724466442196946944
724418046266343424
724408672521203712
724408117467975683
724408117467975683
724391617533214720
724383618903224321
724382015685025792
724382015685025792
724375638015115266
724375414769115136
724373927749947398
724373490112053248
724373019464966146
724372362909491200
724371903012605952
724371339453292548
724370132932386816
724368766830821376
724368567379087360
724368136569556994
724366472210989057
724366430507028480
724365994643316736
724365784382902273
724365482233573376
724365371654938625
724365129836580865
724364984956936192
724364883677052928
724363500471095302
724363381973639171
724363381973639171
724359718647508994
724351303720263682
724350202862264320
724350202862264320
724341644976381954
724341250548215808
724339711788089345
724339512592207873
724339325849182208
724338413604884484
724337993914392576
724337044256903168
724334126417993730
724332966650994690
724331590722162689
724331590722162689
724330650451492870
724330496788930561
724329072608817152
724323128814522369
724321183819259905
724321183819259905
724307603099123713
724307114613719040
724306171054710784
724305598779658241
724305360291540992
724305016132120579
724304160259211265
724303900577243136
724303510205022209
724303055752179712
724302029494059009
724301479734054912
724301479734054912
724297923564036096
724297884468948993
724294047205068805
724292592809172993
724292121138741248
724291777214160898
724291330575351810
724291206130327552
724291132922990592
724290000620130305
724289149335920641
724287711918600193
724287670080409600
724287245939777537
724286431636664324
724286431636664324
724285597511237632
724285539910836224
724284960480366594
724284688626515970
724284374418624512
724284291342077953
724284107891548160
724283513462239233
724282334124617729
724280898888314881
724280838188339200
724280770341285888
724280732512866304
724280721129484288
724280309248831489
724280172598407169
724280094844411906
724279422514245632
724279303404400641
724278805787979777
724278427386306560
724278264756350976
724277921305747456
724277905983963137
724277852808597504
724277560314568704
724277464541847552
724277067584512000
724277025121402882
724276257425334273
724276080920649730
724275801160617985
724275494745567232
724274478000295937
724274367056744449
724273542225903616
724273207650467840
724271396264747008
724271396264747008
724267931023106049
724265994177372160
724265831270637568
724264292426604544
724262070758187008
724261633812500480
724261388277940224
724261322616127490
724260815453454336
724260751825883136
724259373778870272
724259132652556288
724258210505449472
724258162040266752
724258138661236737
724258115609309184
724257688176218112
724257481304711169
724256961500467200
724256646973775872
724256541650595845
724255969392398336
724255713174925312
724255657856253952
724255608799678464
724255608799678464
724255221279498241
724255167571484672
724254866181337088
724254427427790848
724254405189623808
724254356116242432
724254322259841024
724254248213557248
724254130236170242
724254129875505152
724253949914689536
724253720050077696
724253698168332288
724253492244828160
724253470841294848
724253246307622912
724253222467178497
724253222463000577
724252128336863232
724251748987244545
724250299192500224
724250103469490176
724249221914869760
724247821893963777
724247665064718337
724246616287399941
724244448104857606
724243623437582336
724242837441667072
724242590481145861
724241767638421504
724241767638421504
724239717508747264
724239532925825024
724238489504624641
724238388375728128
724234440336130049
724233962818834432
724233251523584000
724232885360844800
724232679827361792
724232413962985472
724232175575543808
724231971770081280
724231969064792064
724231896310403072
724226921094086656
724226886885359616
724226755561709568
724226755561709568
724223572005281793
724218526437937152
724218526437937152
724207773643341824
724205760285167616
724205760285167616
724185704465596416
724181263855312896
724181263855312896
724179539736313856
724179228170850304
724179113666289665
724179036080070656
724178970808340480
724176322508017664
724174710943158272
724173620226994177
724171041937985536
724170016724148225
724168119313416192
724166690049810432
724165888442785792
724165874131845121
724165320693436416
724165320693436416
724163975949238273
724163129626755072
724162542738747392
724155220603899904
724154506183868416
724154359446147072
724153678588993536
724150644156841984
724150644156841984
724148035366871041
724147559544020992
724147106722799616
724146924627087360
724146073577623553
724145702369153024
724145513688371200
724144391317807104
724137607005908992
724136244956041216
724135439607730177
724135439607730177
724132322816196608
724123812447571968
724123812447571968
724111320681992192
724004230734950401
724000265511251968
724000265511251968
723995861332668416
723994229614235648
723993728457801728
723989103344275456
723984463802306560
723984463802306560
723982645898653696
723981129057972224
723973308333613057
723971682990493696
723971392954327041
723970879076577280
723968943514353664
723968943514353664
723967348064018432
723966413539561472
723962979868377090
723962943256301569
723962898167533568
723962793381253121
723961912845832193
723961912845832193
723950307517038596
723948172003926016
723947672240054273
723947345042391040
723946916493557760
723944975738802181
723944521076248577
723943960205508608
723943645968261120
723938486726828033
723938486726828033
723931465545846784
723928128897323010
723926437506502657
723924926588149760
723923569130893312
723923569130893312
723916333231017984
723916302482571268
723916264100532226
723911975030366208
723911388381458432
723908799703203840
723908321967788032
723908321967788032
723902493206392832
723902154793213952
723901989986406402
723901937914097668
723901509864443908
723900793531863040
723897740481179648
723896470336868353
723896455929430016
723896453526106114
723895326382407680
723894640232009728
723894640232009728
723892318240145408
723888690100080641
723887733270274048
723882878912860161
723882812630245376
723880655386488832
723880655386488832
723875516340703232
723874737672327168
723869692264329218
723867128928034816
723865836251955200
723865388581326850
723865262412431360
723865158234312704
723864962683289601
723864781262884866
723863801192439808
723863801192439808
723862744617902080
723859827387207680
723859047368298506
723857416257998848
723857166520705024
723856468940886016
723855000565387264
723854673833254912
723850143687139328
723849364666474496
723849278700019712
723849278700019712
723847326012465152
723846595524083712
723846293915836416
723846170590720000
723845675876777984
723845522914705408
723845151337111552
723844915453677569
723844885556670464
723844116602298368
723843726079041537
723843615940874241
723843160380702721
723843146744995841
723843003417300992
723842630245842944
723842333721145344
723842189491601408
723841633821822976
723841455861669888
723840937009512448
723840037075329028
723839977868693505
723839696086945792
723839423918559232
723839323167154176
723839255819223040
723839231957831680
723839166354755584
723838893381005312
723838325543604225
723838108685471744
723838034312048640
723837980994088962
723837835665657856
723837312304603136
723837261188620288
723837088693649408
723836870162059264
723836500413145088
723836500413145088
723832912995598337
723832788739362816
723831876276858881
723830814170066945
723830481490436096
723829988429062144
723829824473669632
723828438415618049
723828438415618049
723817784564670464
723813534765862912
723808007579160577
723804780087390208
723804241882652672
723803586417823744
723802969230172160
723802969230172160
723802776187338752
723802735330615296
723793202835296256
723793202835296256
723784916182376448
723782192082636800
723781697800691713
723781199366369280
723778562159947776
723778562159947776
723770281236504577
723770106346655744
723765701513760768
723758109974499328
723758109974499328
723755824242397184
723752842960449536
723752500873060352
723752500873060352
723733317900754944
723669408078405632
723611883387936768
723611285548613635
723611285548613635
723605543697391617
723576156600041472
723566124525326336
723566124525326336
723558220820799488
723557046168117250
723556802542051328
723556458621706241
723555693085769728
723554724365119489
723554724365119489
723546029555994629
723545841429032960
723539645376651264
723539645376651264
723528781915426816
723520797516660736
723520562757263360
723520451687907333
723520385115918340
723520270036795392
723520124683214848
723519741051179008
723516750348857345
723516750348857345
723515801274318848
723515574056312832
723515369449766913
723514261314613248
723513856404893699
723513781364645888
723513762817409025
723513724678582272
723513540921954304
723513540921954304
723491682214379521
723489909516972032
723488694880075776
723486559245316096
723485872302264321
723485872302264321
723485493292347392
723485430730096640
723484224444096512
723484003286810624
723478456982491136
723477881477816320
723471589073924097
723471589073924097
723469691470139392
723469240121090048
723468474081751040
723458884099252224
723458884099252224
723453389179228160
723440862768701440
723440736666947584
723440736666947584
723439494343495680
723439138041556992
723432852306550784
723427102981165056
723427102981165056
723422132944818177
723418762645401600
723414700529061888
723414477027201026
723412856234872832
723412856234872832
723409917776809985
723409902912176129
723408178298277888
723407742346481664
723407450280325120
723405489199976450
723402950773641217
723401549767020544
723400926782877696
723400613086666752
723398687158722560
723398633190625280
723397681679204352
723397681679204352
723394675021770752
723393854234206208
723386029718147073
723386029718147073
723373812817883136
723368286042263552
723368286042263552
723314785861906432
723291812123783168
723290068773949443
723288314376232962
723286652572033024
723286590127235072
723283109286961153
723280780542238722
723278512459812864
723277732214374402
723277732214374402
723271260436848640
723269516818571264
723269496128024577
723269334420873219
723268948863664128
723268765295775748
723266446428635136
723266338819588097
723265533064413185
723264145643151360
723263460889493504
723263274490433536
723263202230972417
723262771605938183
723262722859782151
723262657948749824
723260060533678081
723259999468793856
723259743972810752
723259323254771712
723256161869414400
723254857088548864
723254246322397184
723253759229460480
723252984277262336
723252677090639873
723251216927592449
723250995329961984
723250210714079232
723248723803951104
723248369351700480
723248321406619648
723248256084508675
723248197141929984
723248116259016704
723248093743984641
723247399376920576
723246440517128192
723245082846089216
723244291666092033
723244291666092033
723243647978844161
723243341484294144
723241647996325889
723239907766984705
723239483156643840
723238813187887104
723238638037938179
723238295833063425
723238278539911168
723237363477037056
723237308045111296
723234577624489984
723234128422948864
723233634283610113
723233455107104768
723233399553556480
723233061765259264
723231819903193089
723230555752550405
723230170883051520
723229784394862592
723229198131814400
723229198131814400
723228903834324992
723228271383580676
723227907636793344
723226949125021697
723225300700676096
723225196715368449
723222871460438017
723222616471949312
723220741743894529
723217837074968576
723215139391066112
723215139391066112
723213572201959425
723212973754449920
723212708544450561
723212560154169348
723211710950154240
723211556884873216
723210974736470016
723210882755473408
723210776941449216
723210286732349440
723210202154061824
723209988873670656
723209847957794816
723206547493519360
723206547493519360
723195747508846592
723193011622961152
723190686015594496
723190287854645249
723185629316554752
723185303763193857
723184636067762176
723184636067762176
723183549935943680
723183474580942853
723183465022263296
723183290040127488
723182895293186048
723182525653377024
723182468090724352
723181633617178624
723179414452899841
723177792842686464
723177712383201280
723177126887829506
723176359564972032
723174814383509505
723174802337488896
723172438201229313
723171165355692032
723169912043220992
723169378083188736
723169297153937409
723168939283492864
723168764703838208
723168764703838208
723168440458993665
723168189442592768
723167360585207808
723167188148957184
723167143097864193
723166967780151298
723166544914702336
723166216815316992
723165936056852485
723165587250249728
723165324854468611
723165215894966274
723165142033268736
723164852395466752
723164776541597696
723164489022099456
723162958545608706
723162933358809088
723161589873008640
723161492296589312
723160401844776960
723160285016666113
723159726813528064
723158037469360128
723157880485097472
723155666647527424
723154960968347649
723154874951569409
723154419047641088
723154399590277120
723153916074975232
723153802577088512
723153802577088512
723153140900593664
723152980082614272
723152808078270464
723152374911647745
723152322621267968
723152263494164480
723152055699906560
723151796688965633
723151790284398592
723151582309826560
723151376683913216
723151320547516416
723150831370035200
723150794971852800
723150587211083780
723149849978249216
723149611469299713
723149063546265600
723148885514821632
723146754464600064
723145480058875904
723145480058875904
723137576270483456
723132285776592897
723132183926456320
723130081783087104
723129771656273920
723129303941128192
723129101570179072
723128975694901248
723128768521330690
723126196658159616
723125274586566657
723125274586566657
723123322704269312
723122540978274304
723122456073003008
723120289782075393
723116392703221760
723115677733687296
723115677733687296
723105725879226369
723105149770592256
723099449434611712
723095806186786816
723095407761317890
723095407761317890
723091295481286656
723090073676296192
723078973190598656
723078973190598656
723074844976373760
723068520129564672
723066007519137792
723065909082992640
723065204888743936
723065172575690752
723063632297385985
723063489099493376
723063443964620801
723063116020506624
723063116020506624
723062935174692864
723058326393753600
723058107367174144
723058011883884544
723057966048501760
723057591295856640
723057534421078016
723057387234549760
723057093641560064
723048343002333184
723048343002333184
723044535383785472
723044465636708352
723043788449415168
723043298261143552
723039523723161600
723033145268805632
723033073483292672
723033073483292672
723029468311334912
722936733227171841
722931341482979328
722931341482979328
722925671501197312
722925573379592192
722925339094212608
722925161796759552
722923538298961922
722913326015991809
722912812083752965
722912812083752965
722903644182433792
722902175068753922
722902129959014400
722901582728138752
722901582728138752
722893543430205441
722872476775022592
722843592784347137
722843334306213888
722840228155621378
722839807785832448
722839807785832448
722827957606203393
722826672945381377
722823182499983360
722822732379856897
722822531695005697
722822410806902784
722822410806902784
722808550280601600
722783734299287552
722783677516771329
722783677516771329
722775412208631808
722764140998045697
722764140998045697
722751934701015040
722749001011998720
722749001011998720
722741740814385157
722737914279538689
722736546995138560
722733447723229184
722732144104194048
722732144104194048
722730497676324864
722729128064114688
722728897486397441
722728568460075009
722728551615766528
722728460926513152
722727972545949696
722726817283579904
722726244228444160
722718729235251200
722717805766930433
722717717325811716
722716367145857025
722716302029283328
722716290104827904
722716251768930304
722715748511178753
722715748511178753
722714788657303552
722714651230871552
722712620730556416
722708207001608192
722705002339377152
722704504702033921
722704226644856832
722703122322366465
722702954709544960
722702954709544960
722699130418688000
722699028203466752
722694787443335168
722691346197266433
722689497780133889
722688756109680641
722688521035714560
722687359305838592
722686957537640449
722682726923558912
722675998173609984
722657729505071104
722657729505071104
722652316193669120
722632002214752256
722628927190077440
722628098127237121
722626669203341312
722626669203341312
722570456604286976
722562023305949184
722561961716658176
722561912458895361
722561886806523905
722561769219178497
722561726743453697
722560084711227392
722559932889890816
722559851650498560
722559768456519680
722558289968541698
722550776913117186
722550368727601153
722550186011140096
722549798117720066
722549785052463106
722549785052463106
722549554600681474
722546963061846017
722545391649079296
722543362323165184
722540931539406849
722540633731297280
722540511156953089
722539161060786176
722539123060391936
722537182368546816
722537182368546816
722533007169556480
722531755589287937
722527781138128896
722527601412214784
722524806323810304
722524765626441729
722523011916697601
722522698514108416
722522031410061312
722522031410061312
722506905919307777
722506859526144000
722505550748114944
722505219104456705
722505177694121986
722505177694121986
722503867347415044
722502887281176578
722502578576191488
722501363209543682
722498946350870528
722498476781801472
722496977930448896
722495784902619140
722495523597524996
722493976784322562
722493940646199302
722493716221575168
722493365921652736
722493267233923073
722492627657076736
722491411267002369
722491354824187905
722491229863309312
722490830586580992
722490652894851072
722490627997478912
722489530876563457
722489500950261760
722489460185767938
722489302471548928
722489302471548928
722488965559885825
722488847825813504
722488751503577095
722488670117367808
722488536566509570
722488405704224768
722488403619667969
722488268152025088
722488205526835200
722488002040229888
722487868782997508
722481099897729024
722481090930348032
722480760616271872
722480377336631296
722479273907503106
722477806760960000
722477741128466432
722477652074999809
722477274147266560
722477141279924224
722476610180497408
722476058793111553
722476031765016580
722475875493658624
722475722221207552
722474306094149637
722474208866013188
722474139961946112
722474139961946112
722474020910850048
722473731453493250
722473018182737920
722472995994890242
722472818974277632
722463024913780736
722462863965728768
722461232385695744
722461232385695744
722457611992494081
722456847001743360
722456673697329152
722456292183392257
722455458280247296
722452757563572224
722451425830268928
722447229747859457
722446909642772487
722446816361463808
722444538535636993
722444533880004610
722444457015160832
722444457015160832
722442651816095744
722439140982308864
722439088268308481
722438750169640960
722436686135836672
722434961840685056
722434688325939201
722434207297970176
722434080009240576
722431137751134208
722431137751134208
722423124000694272
722418998223249409
722418689740550146
722418689740550146
722411074029535232
722411066437824513
722410436306542592
722410015072587776
722409504491618305
722408605664854016
722408584378757121
722404839511224320
722404839511224320
722381235700572160
722379476374388736
722375616138387457
722373149820657664
722371847426211840
722371847426211840
722368058589716480
722364521176788992
722364375428763650
722362625359810560
722360498184802304
722357210920198148
722356728029794305
722354810926841856
722354810926841856
722352962865999873
722352831785791488
722351894774095872
722351726653739009
722351171495714816
722350954557923328
722350938888007680
722348923940155392
722348801273552896
722348793476358144
722347324412936192
722347180581920768
722347117793144832
722347032225136640
722346991288782849
722346374595891200
722345897955229696
722344953616207872
722344701798518784
722343742808682496
722343613896724480
722342853058437120
722342467085942784
722338857396674560
722338851180535808
722338770658422784
722338770658422784
722337887484801024
722322192529235968
722310142105161728
722309025124245504
722309022075002880
722309022075002880
722303912624132096
722227836451450880
722226255039500288
722219916489801728
722219916489801728
722205262971564033
722201448684105728
722197909391941632
722194454652837890
722192997417414656
722192997417414656
722170505462198272
722168499825680384
722165320656543744
722163545929027588
722163445534171136
722163391498989570
722163277804015618
722163100854706176
722163100854706176
722156577285935105
722155983351517184
722155284895035392
722153883657756673
722144298997821444
722143795723288576
722142886658195457
722142563088658432
722142563088658432
722141248010743808
722136769878171648
722135939217272832
722134799759097856
722132129442881537
722131592030855170
722131592030855170
722126695524868100
722121681414787072
722119328833880064
722117663531671552
722117663531671552
722110816267464705
722105831618134016
722105083069087744
722103494694596611
722101766804938752
722098230427828224
722097417336827905
722097254673293312
722097090407632897
722097044677136386
722096785611730944
722096785611730944
722094941980266496
722094095422877698
722092790495211520
722092049521123328
722088513198493696
722086216640933888
722085541567705089
722085541567705089
722080028775825408
722077776786886658
722077084458344450
722076545473495042
722067606883168256
722067133308485633
722067133308485633
722066133730398209
722065502365945857
722065417892708352
722065028950671360
722065005173190656
722064942443139072
722059416678330368
722053978914209793
722053562524676096
722052622589497344
722052135043665920
722052114055303168
722051918932140032
722051730385563648
722051720059203584
722051445231587328
722051445231587328
722049132773404672
722048303635030016
722047859474972672
722047829083074561
722046520514768896
722046411479642112
722046373537964032
722046001532551168
722045961955110912
722044228197597186
722041235087732736
722040113463738368
722039908009910272
722039816045649920
722036855529676800
722036855529676800
722035733964451840
722034098970234881
722032348192227329
722030881884487681
722030526819930112
722030180911460352
722029197540093952
722028697860108288
722028070534778885
722027962380460032
722026384994996225
722025750929481728
722025596214190080
722022847368052736
722022637443158016
722021315570479104
722021226517020672
722021226517020672
722020914607562753
722020579960872960
722020572247535616
722020324779388928
722020153916047360
722018401237999616
722018320954867712
722018290382610432
722017718724071424
722017561043472384
722017357888167936
722014219013636096
722013658260353024
722013625624477697
722008955644473345
722008920160616448
722008259591323648
722006700065177600
722006275396120577
722006184920817664
722006184920817664
722005664155963392
722002649579700224
722001595664318464
722001284824481793
722000958289485825
721995908469100544
721995704344961026
721995405769183232
721994491486478336
721994251551293440
721994022047387648
721993588679294976
721992867120607233
721991333863374849
721991327441883137
721990951367933952
721990951367933952
721990878785585152
721990763945586688
721989491066552321
721989443612209152
721989426314940416
721989137218281472
721988543141306368
721983239649390592
721982763545575424
721982708939776000
721981977155485697
721981962576097281
721981124952596480
721981055050321921
721978761449771008
721978752876617728
721978430569451520
721978054390755328
721977676081270784
721977564173049856
721977111540588544
721976235149144064
721976208607559680
721976208607559680
721974942791819264
721974890669219840
721974561831587840
721972662713655296
721972210026614784
721972025829519360
721971975778906112
721970584117227523
721970262254727168
721969907022348288
721969755800924162
721969530847825920
721969394797174785
721969262647197696
721969131784904704
721969112394645504
721969029607530496
721968939941654528
721968840591060993
721968824963244032
721968708009205760
721968686555361280
721968685120942084
721968397186179072
721965059111563264
721964018236321792
721963314876702720
721963182848413696
721960985012080640
721960764240748544
721960764240748544
721960235439669250
721959546260996096
721957646178365441
721957500334026752
721957247329431553
721954010048176128
721954010048176128
721953645567287296
721950853071024130
721950758619516928
721950420248227840
721949891002556416
721947715958095872
721946609907601408
721944964905758720
721944932655702016
721944884492570624
721944870152204289
721944727453622272
721944707681673219
721939228775550976
721939182692798464
721939124450684933
721938711680806913
721938591560163328
721935642498854912
721935036346470400
721932185712881664
721931732879032321
721923463204704256
721921672874500096
721920437777797122
721913794331570176
721911805711409154
721909694709665792
721888137811726336
721886312102543364
721880173239537664
721870913029992449
721859095494574080
721858808667095040
721858658427105280
721857270397710336
721855698854887428
721852094773403648
721850973652692993
721850494960988160
721849871855140864
721849623514484736
721848014340493312
721846090606252032
721844775440281600
721844670108712960
721844651074928640
721844241400352768
721843597092499458
721843532621836289
721842703798022144
721842493319462912
721842137915068416
721840925744435200
721840892106174464
721840828096847872
721840379209846785
721840309953503232
721840119695732736
721840043715870720
721839123405893632
721838982963806209
721838890387169284
721829054895300608
721828875429404673
721828805996867585
721828761457586177
721828706545713152
721828628288389120
721828567622004736
721828510801739776
721828269000126464
721828236083204096
721828214155448320
721828139513552896
721828038812508161
721827948031053824
721827897296756737
721827743558692864
721827611769466880
721827581604012032
721827580408672256
721827359918309376
721827020058075137
721826406116761601
721825815638487041
721825393569894400
721825335076130817
721824694261968896
721823865308098561
721823277669330946
721823016167071745
721822840694116352
721818504505253888
721818043953913856
721816905309401091
721814096639864834
721811203492810752
721806210404597762
721803554860724225
721802548546560000
721802436831219716
721802252231577600
721802206823976960
721799460771262465
721799305087053824
721795901879119872
721795188247670788
721794324288114688
721794319326265344
721793796380454913
721793748238221312
721793372684476420
721793372470566912
721792984354852865
721788460722429953
721787059657183232
721786842060861440
721786668865482752
721784615585902593
721784521830580224
721784511751708672
721784503425966080
721784493296775168
721781245223518208
721780568170618884
721780452558770179
721780354953125888
721778621996773377
721778495785984001
721778488596758528
721778072203210752
721777381678166016
721776797826879488
721776471648378880
721776410281566208
721776283013787648
721775448745754625
721775255983951873
721775093941157888
721774741300883459
721774622346199040
721774394348027904
721774275552743424
721773969301499904
721773814544277505
721773395763982336
721772159190872064
721772034280304644
721771948297076736
721771299576614912
721771250083885056
721770538180472832
721770190804033536
721768646528380928
721768554748633088
721768157971673088
721767909169741827
721767668777381889
721767088763899906
721767065846202368
721765981819904002
721765966749777921
721765895262060549
721765817101197312
721765451693486080
721765395884085250
721765332503949314
721765247271497729
721765168728961025
721765145379254273
721764907679629313
721764747683700737
721764454766129152
721764178839605249
721764164197314560
721764130135371776
721764125853032448
721764105481297920
721764004536938497
721763906008576001
721763299164033024
721763053424013313
721762939745775616
721762661512384516
721762550476587010
721762368083136512
721762256703381504
721762244258840577
721761976406405121
721761633182294016
721761426751299584
721761406857699332
721761234371133443
721761232135581696
721761204004392960
721761188934193154
721761062161379328
721761036563521537
721761034470572033
721760688176291840
721760649257291776
721760205814501376
721760024427634691
721759950213640197
721759850330501121
721759354370846722
721759059364462592
721758741192945664
721758182415212544
721758114903638016
721758075313635328
721758073170354176
721758034540830721
721758013749661697
721757994527158272
721757965720645633
721756726903578625
721756673422069761
721756442835988480
721756405447979008
721756149951905793
721755565953839104
721755435955527680
721755214345216000
721755087421456388
721754808647073792
721754779874115585
721754746722336769
721754704271818752
721754665281536001
721753596941967363
721753364925706240
721753205420503040
721753102924255232
721753028106317825
721752851056345088
721752623007801344
721752511829426176
721751913839128576
721751758368858112
721751654647930880
721751627422703617
721751590064033796
721751532656541696
721751221757997056
721751124223664129
721751072314892289
721751044632494080
721750919201845248
721750846732640256
721750715715186689
721750628037431296
721750472357453824
721750180668825601
721750104118583296
721750074754273280
721748683058978816
721748270033321984
721746557197008896
721744564915187713
721743667837460480
721743597645799424
721743485758517248
721743434416054274
721740997017870340
721740337157419009
721739760084115456
721739281589538823
721738557027708929
721738274881060864
721736691929726976
721736295899394048
721736016286072833
721735000987693060
721734035836432384
721733726997254144
721732593985708033
721731741656997889
721731299371659264
721729943688843265
721729732837052416
721729574191656960
721729503240810496
721729435863486465
721729263699959809
721728495156662272
721728401749450753
721728388826849281
721728370430603264
721728359038894081
721728318383525888
721728288813617153
721728269771530241
721728179128397824
721727700927410176
721727565845684224
721727039833829376
721726516145610753
721725352062676994
721724603618435072
721722004475351041
721721820727156737
721721641751810048
721721273945075712
721721006109417473
721720625807630337
721720578177175552
721720337734492160
721720158704791552
721717995052118016
721716609266642949
721716018658328576
721715866455379968
721715252723847171
721714057296879616
721712600715829249
721712546332471297
721710536371646464
721709806139084802
721708381086552065
721707760795185152
721707637323259907
721707318291914752
721707120786333696
721705620538310656
721704919397376001
721704557215096835
721704360770715649
721703983748902913
721703944314073088
721703497213833216
721703215595700224
721702836703203328
721702690242347008
721702117208100864
721701913109143552
721701878439014400
721701671592660992
721701578651103233
721701456064225280
721701396949676034
721701033974591488
721700404522848256
721699268210384896
721699139470434305
721699070411218944
721698100331552768
721696346688892928
721696119902887936
721695951191191552
721695932572704768
721695752095985664
721695742025404416
721695737596243968
721695712287858688
721695711465758721
721695693824532480
721695677202436097
721695545220341761
721695479080316928
721695412722253824
721695382670077953
721695272791904256
721695190298271744
721695183000043520
721695026754023424
721694962946084865
721694954716860416
721694833740550145
721694813054230530
721694791243849728
721694764303847424
721694735321153536
721694724961275906
721694713699504129
721694667620950018
721694317065216000
721694239705403393
721693804017934336
721693672815857664
721693603077206016
721693475729772546
721693418741698560
721692752661069825
721692712521580544
721692646616535040
721692186736254976
721692102967566337
721692087926841344
721692059803979776
721692031760904192
721691773668585472
721691708430397440
721691660300730370
721690679102029825
721690669237071872
721690179363344384
721690007065489408
721689784972926977
721689397507289089
721689185518792704
721688740188549120
721688038225616896
721687670003535872
721687638818885632
721687397835083776
721687339811086344
721686058677706752
721685958719119360
721685885713059841
721685532338688000
721685215974985729
721684603178762241
721684086545334272
721682364318031872
721681694739283968
721680845443096577
721680764597903360
721680708473896960
721680589015924737
721680486079275012
721678482116370432
721677998102081536
721676970459807744
721676713487437825
721676587087839232
721676504531410945
721676454497542145
721676401783480321
721676088271876096
721675594027687936
721675324912705536
721675065658646528
721675019894394880
721674818194710528
721674784229171200
721674671465373696
721674383824183296
721674235060568064
721674233747795972
721673998183096320
721673857149583362
721673831644049408
721673616929210368
721673422007349248
721671483798470656
721669526459457538
721668225495379968
721667957563269121
721666956533895168
721666781635612674
721666741512847360
721666503213465600
721664554552455170
721662615701872641
721658978921508864
721654773125136384
721653722594615296
721651323385589760
721649495692472320
721644428667052032
721642047065759744
721640635804086272
721636743015972864
721635130847191040
721634750549651457
721634094170431488
721632612926795776
721630651435327488
721630403090624514
721630075448373248
721630072038408192
721629335153680385
721627399025102848
721626054444589056
721625595805835264
721625448346742784
721620858989649920
721619975753048064
721602399002107904
721601191466123265
721600130458247168
721593201791012864
721487036969054208
721484238139342850
721483564538335232
721482565698367488
721482328015564800
721476591033982977
721450931922014209
721449264958803968
721444201892864000
721440200954626048
721432767733571586
721432625966149632
721431843397115905
721403825794506752
721397141999116288
721391053723549700
721388509043507200
721387043406880768
721386977359073281
721386486277541889
721383037641093121
721378908352966657
721377733159305216
721377355965579264
721377253465178113
721374820735299586
721374773876535300
721374409630593024
721367821846986752
721363640843124737
721360131619954689
721358714066903040
721358197383163904
721352583957331968
721338639016452096
721338485496385536
721338485387472896
721338296190836736
721334738921857024
721334675281690624
721332910356373504
721332839803928576
721332319097864192
721330371082784769
721323533993906176
721319411878072320
721312128477630466
721305420401360897
721302303546937344
721295266725367808
721294826067652608
721294188395040768
721291940034191360
721291805929709568
721290442747326468
721289739240935425
721287558995578880
721287004235898880
721277292064940033
721277058832285696
721269988083032064
721261759319916544
721237581439098881
721236736102264833
721236624609304576
721233174261604353
721225716004556801
721224591830618113
721218578599571456
721208912020692996
721205976637050880
721179873243439104
721146370250391552
721127432791662592
721121506386952192
721121426250592256
721116620442230784
721114662285156352
721110392315973632
721105340109045761
721097000377323521
721075669124452352
721075545946112000
721073969097478145
721073918560313344
721069280897474560
721067243862388737
721065584922902529
721065548243673088
721064172046389249
721062812819304452
721062372639641600
721061155322662912
721056614317473794
721056126024945665
721055860882063360
721050857157107712
721050817374117888
721049175912292354
721048947276558341
721047400371118080
721045404641574912
721042309392023552
721040788839403520
721038598779322369
721036345204936704
721036180339429376
721035830953963520
721035349796003842
721034711385128960
721034391896662017
721025654804869121
721006476685414401
721003248346361856
721000966913462273
720981547193614336
720976846851063809
720969672011685888
720939475266834433
720931955987083265
720931112562925569
720929346098212864
720928445937631232
720919299431469056
720912597512495107
720909760850169856
720909667610832896
720904728406843392
720902278379659264
720897826650263552
720894205451767808
720882771481104384
720882396615155713
720882264754692101
720847712338321412
720844081660764162
720836786902007808
720836612196675586
720773271470219265
720755588901298180
720755378561150976
720742564404543488
720738154219704320
720738074641227782
720736293299339264
720735785121628160
720735539738079233
720733225698664448
720733072619081728
720732964640960513
720732047124348930
720731921043562497
720729737182781440
720729586422652932
720725610646147074
720723342265827328
720722718593785858
720710493468495873
720703006497509378
720698362207604737
720691779138383875
720690336520138753
720679318549110784
720679241742991364
720673697430913024
720671448826830851
720649253614456833
720648178303922176
720633681140957185
720632069890695169
720623694385700866
720611112996220928
720597677231247360
720596817294069760
720596681822220289
720595469567713280
720595311178182656
720595223135526912
720594474892685312
720593305445261312
720591885216194560
720591450291978240
720589053310214145
720588504036745216
720588007896715266
720587684666875904
720587534359752704
720586629681967104
720563738630348801
720560601085407236
720558802974732289
720545529827061760
720539055663013889
720536148037275648
720535774639296512
720535389321236481
720535190079213569
720531265808699392
720528258140385281
720527963410837504
720520465798799361
720519280736006144
720517459447529472
720514722332864512
720514621078126592
720508808464883713
720508038818488320
720480477669408770
720479098729078784
720470254195970048
720453071042686976
720447073875832833
720444172046614528
720441634610135040
720430989584019461
720400365934485504
720397375857102849
720397141441691648
720394520668585984
720392441849774080
720390187352596482
720389159056113664
720389020732162050
720388981074972672
720388945750544384
720387520870117376
720387157018427392
720386523271532545
720384237396856832
720383036072730624
720383025037582336
720382167956606977
720380294906286081
720379942668623872
720379688837734400
720377631103954944
720370763556077568
720367696823496704
720367659133460481
720366426393960448
720366275994595328
720366053876973568
720365816814964736
720364509660057600
720363546043752448
720359431637221376
720359056708395008
720358333274857477
720358145386655745
720358097081016321
720354638906712065
720354393321811968
720353063068962816
720352869778636800
720352799020736513
720350831392997376
720350534088179712
720348583141122048
720347093823569920
720346901086797830
720344722598854657
720344098800934913
720343484901822464
720342984349364229
720339243730604032
720338142666973184
720337889406521344
720337788995026944
720336485577175040
720336180764635136
720335920747175936
720334092491882499
720331448583106561
720331343192674306
720328850396286977
720325973531561984
720324112275619841
720323985234391040
720322604951855105
720322587457245184
720322564556369921
720322512848965633
720322463335333888
720321441518985217
720320460743905280
720319176078786562
720318516390404097
720317223135551488
720314885645570048
720314021652668417
720311799015477248
720310795725365248
720310563063099392
720310184917262336
720310011721826304
720309758067085312
720309646108540928
720309331837591552
720309206851719168
720308782278967296
720308492729327618
720307446510563328
720306891893510145
720306179713449984
720306162717986816
720305702921576455
720305546549673985
720305454010744832
720305209449267200
720305169230086144
720305029622538240
720304571944337409
720304368034168833
720303921491800064
720303693346660352
720298813387251712
720296426970845185
720283818863828992
720279697159024641
720279637113356288
720279272401805312
720279140251877376
720275352501616641
720275060401934336
720273478817951744
720265767833505792
720265412412313600
720255667685208064
720254801599197184
720254288996483072
720253553399308288
720253296028606465
720253074338480133
720252549337649152
720250848345894913
720250644871909376
720250486960459776
720250367213056000
720250126158209024
720242687450882053
720211462946496512
720209928779145216
720207460745814016
720204234646495233
720200062077440000
720197421632995328
720196036283777024
720193817744265216
720193179937554432
720192191054934016
720191172522729472
720190964959211520
720190092879507456
720190070809051136
720189089610379264
720188856449019904
720188515909300225
720187243332255744
720184754038054912
720181341573279744
720178970533175296
720177344133132290
720176185930551296
720171323553681408
720171287893647360
720171239080378368
720171223204958208
720171172382576641
720171142552674304
720171120436101120
720169934358200320
720169905421684736
720169482182881280
720168641254330368
720165377225924609
720162799087915008
720145178925887488
720137930807865344
720126078283608065
720121770930540544
720120375745581057
720117810853253120
720061298407550976
720036261302575104
720036093949779968
720036060844175361
720036001180217344
720035961736937472
720035834678927360
720035816635035648
720035802907025408
720035773056200704
720033839742066688
720033761442865152
720032437754011648
720031934693257217
720031918876684288
720026773325488128
720021106845949952
720021100466450433
720021051409874944
720021017679290368
720020615063846914
720019118422953984
720017079231975424
720013324461686785
720009273456140289
720007939029929989
720007270206214145
720006869553647616
720006842882109440
720006794072997888
720006776343642117
720005252469157888
720005002769600512
720004886121824257
720004714578972672
720001295860506624
720001198548467712
719997713660686338
719993946206826496
719992856463679489
719991986007240705
719990769436729345
719989595711107073
719988428755091459
719988140556095488
719988016073285632
719987449825505280
719987375104008192
719986268298469376
719986265358213122
719986156033675264
719986133908774913
719986056301559812
719986048718258176
719985689610293249
719985640130101248
719984138812592129
719983789217357824
719983651325374464
719983488695463937
719982059532496896
719981025292652557
719980708488462337
719978695478407168
719978666789310466
719978601383346176
719977702753742848
719976843374391296
719974853181325313
719974306856497152
719974029558460416
719973764331606017
719973585905983491
719972939513389057
719972673393205250
719972424058609664
719972160383631364
719968781628542976
719965041404026880
719964913381306368
719964897807888384
719964743780274176
719963808022851584
719963558809874433
719962922840145921
719961430892617729
719959776587837441
719958935122391040
719958539335307264
719958468065685504
719957640995069953
719957610141773825
719957368457555968
719957249381285889
719956642910089216
719955641364803585
719954146653245442
719952947057139712
719950709182087169
719949700766568450
719949328773750784
719948501778591744
719948326880284672
719948126552002567
719945664566857728
719944320942522368
719943854649143297
719943373684109312
719943101842857985
719941059111952391
719941057509789700
719936739083739137
719933118015254533
719916971907792897
719915291430514689
719915124144934912
719913346712121350
719913307403108352
719913249832058880
719911186616225792
719910238078529536
719909237187612673
719908793337913344
719908625762947072
719908523581259776
719905099175313408
719902466947596289
719901223990779905
719894859721609217
719885408969089024
719877239148556288
719877224107794434
719877114422501380
719864279160254464
719864234704773121
719858119166324736
719852071210651649
719843191638343680
719842279519817728
719838995556012032
719835935400189952
719835491345035264
719835294460178432
719833117310251008
719832620025147392
719832405155135488
719831447369093120
719830120538763264
719829412930265088
719827325123211264
719827005391433728
719826857743491073
719826657750687745
719821608651726848
719819725409239040
719818918748151808
719818796790374400
719818206098141185
719818162452217856
719816763886727168
719810346769326081
719807847039635456
719807493753475077
719802700939051009
719802576678596608
719802115212865537
719796841894842368
719795155042222080
719793041838641152
719792068315508736
719792007254777856
719789374976737281
719789147829989380
719788874097143810
719788204266807296
719786959036657664
719784955279241216
719783687823470592
719780506812968960
719779899918192640
719777085850546176
719776868782608384
719775429851226112
719774998358056960
719773114800988160
719769930808299520
719765155475800064
719762798465675264
719762232226246657
719761524185804800
719757077590241281
719685620155707392
719664197102084097
719663174681829377
719661775214493696
719653279148322818
719640218509393920
719637891811577856
719633642939682818
719625695333322754
719617261573685248
719615698088148996
719614759759429634
719614092022005760
719613886375309312
719612687563550721
719612328568823810
719611174527090689
719611130927325184
719605231386910720
719604235474714624
719603681247764480
719603648532189185
719603624133963776
719603111506141186
719601653075329024
719601092368142336
719600578788065280
719597381508055041
719596420064505857
719596285377003521
719595915472973824
719583705644326912
719582787276300289
719579067008294914
719578984288292867
719578605513269248
719576727740149761
719574375549284352
719572052362059777
719569209173360640
719556666191187968
719555331613966336
719546117629878273
719545445102546949
719538245474906113
719537238938427392
719535198946332672
719531322310553600
719529798054375424
719524615979208704
719524164110020608
719522522182643712
719521149261062144
719514278601060352
719513905496748033
719511176003129344
719506443716706304
719504295369011201
719501820075380736
719497336079196160
719495019028213760
719492935117639680
719491943307354112
719491394402926593
719488178307145728
719487955040092163
719487026454740992
719486024804646912
719485878771572736
719485762488659968
719484176991432704
719484064386965504
719482059832619008
719481778977841152
719481774905114624
719481561243062272
719481136561393664
719481121692643328
719481079816720386
719480420153303040
719477768745009152
719477259623665664
719477134075498496
719477083559354368
719476998171725825
719476936205070337
719475355296403457
719474180920582144
719468124228161537
719467747491622912
719465132854747137
719463113385512960
719462891741659136
719461721425985540
719461338850926594
719451141982052353
719447628392607744
719437118767022080
719437081165066240
719435614974816256
719434399805272064
719434345581252608
719430687359680512
719430454110208000
719429445581475840
719428318999769088
719427731440693248
719425931006320641
719425683521466368
719423355787571200
719423355359731712
719422987309551616
719421974645252096
719421604242071553
719413111950819328
719412635339472896
719411081299562496
719406535198248960
719401845567975425
719397879601840128
719380858726182912
719375997242589184
719374985844944896
719374893213728768
719307524298665984
719301547209945088
719301441718980608
719299946487398400
719297689628864517
719296857579614212
719296118102863872
719293728393994240
719289737236754433
719275648292909057
719275106237812736
719255137387212800
719248826385768455
719244339818426368
719229910938730496
719211678014038016
719194438480871424
719194050893582336
719190266117234688
719190266117234688
