718487011569594368
702994143543500800
653931118761254912
648181260653842433
587992473932341248
587972149815676928
587970259732299776
587970220981125120
587969661091864576
587969661091864576
587964804570185729
587963798746767360
587963676407296000
587963587479625728
587963514607767552
587963466138419201
587963349259972609
587963303546249217
587963274236395520
587963225460891648
587963100067975169
587962993050255360
587962841350668288
587962789630705664
587962687100956672
587962662392373248
587962562244935680
587962559770267649
587962488257454080
587962454048669696
587962413913399296
587962398620934144
587962397517815808
587962224540528641
587962197625675777
587962164952043521
587962053505212416
587962005883064322
587961958961414144
587961947624235008
587961921103646722
587961894067118080
587961837532147712
587961816464154624
587961687678054400
587961640974450688
587961621491929088
587961517758423040
587961012625793024
587960997660516352
587960957659381760
587960822896467968
587960822896467968
580523373756833793
580492016494252032
580491591669964800
580490202302517248
580485384087429120
580482906151354368
580482906151354368
563750617404145665
550803343799365632
550610438355177474
549988761275478017
549915463556562944
549914340732960769
549913870153056256
549895944100397057
547825320704081921
545645818725036032
545638933292666882
545524831274299392
545327977031286784
543737205324513281
543730836034830336
543730836034830336
543715118492946432
543626205296345088
543593554590064640
543465580435886080
543463396931547137
543460390781587457
543460364575596544
543460191195656193
543460081732714496
543455489418608641
543453355092484096
543451514988425216
543451491285995520
543450281015406593
543450281015406593
543425576267423744
543425498454704128
543424099070914560
543423848289300481
543422315665846272
543422182005952512
543420777828470784
543420687533498369
543420561838604288
543420275166302209
543420247962034176
543420019225268225
543416997405790208
543412015990321152
543406429554896896
543406012511027200
543405923969290240
543405509639168000
543405217308762112
543405175986483201
543405065298800640
543404970456784896
543398535199477760
543387718051725312
543386405972373504
543381408555999232
543381408555999232
543379364994621440
543378814202822656
543377087948926976
543376773724266496
543376467795918848
543376449420689408
543376094502858752
543376005071917056
543375984200667139
543375723302768640
543374981699497984
543374977282895872
543374745224630272
543374737938710528
543373537705492480
543372945436200960
543371152253804544
543371066241187840
543370982287998976
543370953837654016
543370351938637824
543370311081930752
543369767550476288
543369542785703936
543369286476374016
543367884404432897
543364113045655552
543361359019528192
543360703147827200
543359934310940673
543357618404995072
543357315106480129
543354361779609601
543352644891602944
543352623194460160
543352278884028416
543351495480336384
543351309374853120
543350472510570496
543350439081947136
543349551013576705
543348690862477312
543348325710569472
543347740089262080
543347704680947713
543347703200370689
543347622908399616
543347620383834112
543347348806844416
543347099505799168
543346840159014912
543346579407921152
543346252508037120
543346210354896897
543345822113345538
543345810608779266
543345495738159104
543344776335339520
543344618746945537
543344564409356288
543329696600309760
543329681454678017
543329443377213442
543329443377213442
543123849865613312
543113034047041536
543103183674179585
543100940874555393
543095251951697921
543095251951697921
543090067049545728
543089437182545921
543089422942867457
543089172203175936
543089121489481728
543087830843817984
543087540543430656
543087220882931712
543086899104346112
543086889629388800
543086889629388800
543058347973677057
543058216528379904
543057878295535616
543057761630945281
543057677618651138
543055826978877440
543050730471694336
543050721378435072
543050676772016129
543049075634212864
543049059385475072
543048966107959297
543048318621085697
543048289168683009
543048127444684800
543048127444684800
543047735365349376
543047679799226368
543046772927787008
543046723137187840
543046594825056256
543046404894375936
543046294642917377
543046114233298944
543046064866357248
543044770252488704
543044762958589952
543044636416413696
543044628531150849
543042781359644674
543042631287468032
543042622819139584
543042530837663746
543035552933888001
543035545145053184
543035036619276290
543035030293856258
543035030293856258
543027364599693313
543027358975143936
543018133641232384
543018133641232384
543017244411035648
543016308871544832
543016304748560384
543015859292102656
543014916475858945
543014911098773504
543014600502153216
543014472521351169
543012861191020544
543012808208953344
543012803209351168
543012590491013120
543012581385175040
543012414506434560
543012374689484801
543008649934012416
543008608623919105
543003209934336002
543003209934336002
543000131906584578
542995785584234496
542995782623068160
542992798329614336
542990868178018304
542990865569157120
542990834581667840
542990790956683264
542990547343138816
542990140353028096
542990137580584960
542989675007590401
542989672503590912
542988654759923712
542988651744215040
542988651744215040
542987540777959424
542987538060046338
542987174741041152
542986866442911744
542986836969533441
542986834159337472
542986720707620864
542986717914214401
542986122155278336
542985969264500737
542985548030554113
542984993338032130
542984990439792640
542983800985485312
542983771067514880
542983768345423872
542983123928379393
542983120925233152
542982390164250625
542982367057829889
542982267446910976
542982180343791616
542982179719241728
542982179719241728
542967528679825408
542967326719868928
542967288379752448
542967164094136321
542967050801410049
542964346360721410
542964346360721410
542761071921360896
542751341765197824
542750245432860672
542748836369035264
542735820386750464
542733645765959681
542732078815903744
542732078815903744
542729703501873152
542727773467717632
542727768136777728
542727341026582528
542727257387962369
542727245882990593
542726984665923584
542726744701034496
542726721855041536
542725824848601088
542725693826940928
542725534934126592
542695496230653952
542695291603132416
542695263278596096
542694305719398400
542692691591856128
542692438314606592
542687281543643136
542684637009809408
542681680482676737
542680398938251264
542680221292720128
542680184894521344
542680138043756545
542678752606838784
542678319519776768
542672522832257024
542672147614035968
542671760626573312
542671199948787712
542671155220721664
542671155220721664
542669979674759169
542667067766636546
542665760909574144
542665146431442944
542664230252838912
542663080682213376
542662746098372608
542661362212941825
542655034501373952
542646232368570368
542646220359864320
542643116923432960
542643094001557504
542643094001557504
542635175885438976
542635094440431616
542633914603696128
542631460549976064
542631460549976064
542624351712186368
542624343910797312
542624225232977920
542624060933677057
542624009553461249
542623310933397504
542622309274890240
542622032744439808
542621891371229184
542621601028927488
542621025142599680
542621019186266112
542620550880047104
542620039334354944
542619995201892353
542619789626056704
542619789626056704
542605879884148736
542605841678221313
542605056382889985
542604895229341696
542604774143983616
542604668841365504
542600855716110336
542443167102939137
542409322882269185
542369189810700288
542366915059265538
542366693088296960
542365715245039616
542365429541634048
542364670288748544
542364567767384064
542364490218876928
542364449181798400
542364421709131776
542364322299531264
542363893717532672
542363789476528128
542363568197599232
542333203693207552
542333144079536128
542333123300970496
542333112588709888
542333062043144193
542332979411169281
542332861760561153
542331592665223168
542331592665223168
542321816891842560
542321651711762432
542319617235230721
542319229710901250
542319110903054336
542318738985734145
542318456667115520
542318050260049920
542318008002420736
542317998254874624
542317899902648320
542317791424950272
542304218041049088
542293819115712512
542289282560708608
542288997700349952
542288844389761024
542288837054332928
542288020704362496
542287953490628608
542287811945435136
542287763488256003
542287706097995776
542287576275501057
542286394509787136
542286393574449152
542286298095296513
542284133385654272
542284039055757312
542283905802731520
542283853810110464
542283813477289984
542280195122937856
542273257018494978
542272075738939392
542264747744559104
542264703154933760
542264599119429632
542264094573989888
542263306552369152
542262627767181312
542262437534117888
542262240452558849
542261997300350976
542261808862883840
542261174977712128
542260531516932096
542259893554540544
542259323288961025
542258908426145792
542258688342654976
542258656780500992
542258654322245632
542258635876073474
542258624060747777
542258429805359105
542257901440876546
542257611568316416
542257528613371905
542257468730912768
542257364380811264
542249874209927168
542244168790474752
542244151145025536
542242511658700801
542242323904876544
542242281042890754
542240485033902080
542233700537491456
542233700537491456
542218071583506432
542217818973175808
542217802728620032
542217704422506496
542217704422506496
542210395327700992
542150831219703809
542150744422367232
542076856954933249
542048504437559296
542016025232166912
542015860089835520
542011907281256449
542008002765942785
542007939780079616
542007910868733952
542007836205912066
542007800046829568
542002941654499328
542002327201513472
542002085450244096
542001938192015360
542000918380937217
542000772741742592
541996986103517184
541994335072698369
541994335072698369
541987392975298561
541987309592514561
541984536088027136
541971356964110336
541970981875888129
541970894768599040
541970875680321536
541970806591741953
541970720994369536
541970682025111552
541970677990187008
541970501271584769
541970485157068801
541970471000895489
541967500343541760
541967496304427008
541967496304427008
541960870407200768
541959804689076224
541958871661940736
541957278253858816
541957196469510145
541957082191511552
541956916478763008
541956901702225920
541956365846319105
541956268706238465
541955785417568256
541955752467116032
541955623114792961
541955506307600384
541955419917541376
541955400065490945
541955279794216961
541948464289288192
541948336354648064
541948336354648064
541944664111448064
541944469772582912
541944373890805760
541944141530537984
541943143521062912
541942634429054976
541940503395442688
541940472567304192
541939905757466624
541939853584527360
541939826510299136
541939064115851264
541937309500063744
541928752390090752
541928659654045697
541927724043227136
541927533818970112
541927094008442881
541927058814013440
541926740407648256
541926663253422081
541926533573517312
541926462001926144
541926419883130880
541925428555173889
541925207242321921
541923998947221507
541921885773373440
541921694731206656
541921482725933056
541921407106420737
541916121591717888
541915840393003008
541915840393003008
541915173343490048
541914639270150144
541914564284387328
541911983126495232
541911882945544192
541911798690357248
541910425118715905
541908536830488576
541907600045260800
541907600045260800
541906365321867264
541906084878110721
541905980624486400
541903585865662464
541903386183225344
541903308336926720
541903256981889024
541903163801227264
541901679227334656
541901296748744704
541901218571096064
541901188573429760
541901093660536833
541901086920286209
541901013129920514
541900982566023168
541897330786848768
541897221311328256
541896843714912256
541896681634418689
541895977381425152
541895969076699136
541895941171974144
541895929960615936
541895744962039808
541895694022615040
541895260230537216
541895245894393856
541895240312172544
541895226189963264
541894971398160384
541888282683252736
541884529343209472
541881685030490112
541881683155644416
541881577480155137
541881293899046912
541880267628359680
541880166642118657
541880124539699200
541879907270152196
541850704944828417
540906230768996354
540906002397159424
540818619278848001
540815519688196096
540815516957704192
540815389572497409
540815386866745344
540514147784331266
540513570489118721
540201887740751872
540189026855448577
540181624751923200
540181516991864833
540181225038958592
540181217803780097
540181192134639619
540181189567320064
539823698736582658
539821594554945537
539821562929885185
539820180579561472
539818976961110018
539818820471255040
539788936458280961
539788862353317888
539788749589467136
539788623114014720
539438301296738304
539434709017972736
539427318838857729
539426498932146176
539426208891420672
539343427801219072
539336492834099200
539336318195859456
539336148494340097
539335724399865856
539335724387282944
539335624331763712
539335624331763712
