693556404234371072
693556113829187584
693555092767797252
693553230488428544
693553230488428544
693538171183828993
693528964090957824
693528245011111936
693526462364782593
693526462364782593
693526051264315392
693525493203759105
693524441331015680
693523246092808194
693521926476697600
693520372700991493
693518722884067329
693518587936555008
693518290732367872
693517456166391808
693516801901215744
693516801901215744
693505185876938752
693504409691635712
693503781833707520
693503170832683008
693499371543879681
693497564709130240
693496260565819393
693496260565819393
693494597243277312
693490088932708352
693489754386612226
693487170817036288
693486214855421952
693483273310359552
693483004681940992
693482101870583808
693481705273987073
693481705273987073
693477479269404673
693475568780775424
693474869808349187
693474190293364736
693474122869923841
693474002543730690
693472920862134272
693472617831989253
693468520819068928
693467455826464770
693466412380200960
693466412380200960
693463755938725888
693463253280751616
693462266512023552
693461001321193472
693459229915635712
693459003343532035
693458269243863043
693456124142559232
693455502148263936
693452728090136576
693451121201942530
693451121201942530
693449012582547456
693447705067163648
693444777723953153
693444435598794752
693443857426583556
693443823343669248
693443765621673985
693443723083026433
693443024169373698
693442114789740544
693441640808210432
693440541367877632
693439305843372032
693439184057581568
693439130232033280
693438332966141952
693438332966141952
693435311892860928
693435279844208640
693433044443750400
693432710619070464
693432214030323712
693431262900588544
693430827858968576
693429699616333824
693429679710171137
693429378064224256
693428962215727104
693428663648423936
693428522635911168
693428038638387200
693427654222069761
693427312902180864
693427091421925376
693426632510574592
693426619525001216
693426598066966528
693426147825070081
693426076178055168
693425622912221184
693425467244834816
693425381127356416
693425117737652224
693424767349739520
693424099461369856
693423044275126272
693422904223076353
693422517193723904
693422402668208129
693422126850785280
693421819550892032
693421799095341056
693421619453280256
693421160000790528
693421160000790528
693420574001995776
693419753801646080
693419597958123520
693419552269561856
693415834937614336
693414815033901056
693414749518860289
693414332831567872
693414159288029184
693408539566592000
693405626186272768
693405626186272768
693405556736851969
693404714445193216
693404618802532356
693404486363189248
693402564868608001
693402195715346433
693402188266209280
693401738699739137
693401633678561280
693401198267912192
693399263821324288
693399226437521408
693398911889883137
693396773310746624
693395846470115328
693395380512407552
693395331359358976
693395100051881984
693395025850429441
693395003960365056
693394777799278592
693394521560866816
693394490673995776
693394473917751296
693394422516555776
693394384566484992
693394342757732352
693394315998003200
693394293462036480
693394267713204224
693393799964393472
693393437018701824
693393087599661056
693393045442662400
693392001342005248
693391197432324096
693390862521372672
693390670766194688
693390524376576000
693390524376576000
693389122455629824
693389054822477826
693388970865102848
693386821582077952
693386281519300608
693385946604163072
693385839716503552
693385722389204992
693385467610468352
693385113489555460
693384828054536192
693384173848006656
693384164096229376
693383888308195328
693383359972675584
693383344411807745
693383183509905408
693382322029203456
693382289263345664
693382038909554688
693382003228565504
693381094293528576
693380970322513920
693380310457794560
693379719585230849
693379563162857472
693379211097174016
693379161004589057
693378585944576000
693378506886156288
693378120724910080
693378054136152064
693377963312705536
693377953238011905
693377933990305792
693377838972542976
693377823462047745
693377454409433089
693377442837336065
693377345588191232
693375820459540481
693375496277614592
693375496277614592
693375009226657792
693374958215503872
693374371134468096
693374097116512256
693373517820215296
693372562185809920
693370490702921728
693369511861448704
693369005734809600
693368999283970048
693368338014212097
693364402754600961
693363622999883776
693363605555789824
693363522735050752
693363487968497668
693363070278750209
693362996282834944
693362871116390401
693362684272730112
693361882359578624
693361300341137408
693361300341137408
693356785193897984
693353850812682240
693352645491298304
693351377171582976
693351377171582976
693343785904902144
693343323650691073
693342631166918656
693342270754529280
693341866721427456
693339193330814977
693338773673922560
693332007628185600
693332007628185600
693295400267157504
