519550353868873728
519549212489297920
519548299477409792
519547714418130944
519547703278059520
519547121834684416
519545630197166082
519544809111838720
519544614072483840
519544347042148353
519542176053604353
519541067197054976
519540602690867201
519540497854255104
519540410142953472
519539512431882240
519539187905994753
519537265174142976
519536329491611648
519536329491611648
519533622617845760
519533237241405440
519532638592176128
519532612457889792
519532332940673024
519532236966600704
519532201109897216
519532077499572224
519531955851755521
519530741932490753
519530727033958400
519530631009935360
519530564932870145
519530557521559552
519530527360315392
519530222128226304
519529944012320769
519529775166025729
519529442893234178
519529417144807424
519529400682151936
519529380721471488
519529068316737537
519528907708444672
519528861831553024
519528789123280896
519528683149991936
519528586303111168
519528462261166080
519528289745272832
519528010362654720
519527730686468096
519526693883904001
519526627991355392
519526616733855745
519526583800197120
519526098875338753
519525774978977792
519525473169440768
519525383557754880
519525082105143296
519525031215632384
519524775379890176
519524170909351936
519523999173574656
519523061427871744
519522723606052864
519521523552759808
519521523552759808
519520613732712448
519520558422437889
519519463453241344
519518631940882432
519518558926426113
519518136090230786
519517431187128321
519517084880216064
519516609636225024
519515233430568962
519513202884096001
519513097217015809
519513000232120320
519512948784775169
519512670832443395
519512198566387712
519512079100047361
519511987823603712
519511913727000576
519511376239529984
519510163188109312
519509080067809280
519508724797702144
519508551291924480
519508372849442816
519508206738210817
519507860217421824
519507119897587712
519506469776273408
519506360380424194
519506170588200960
519506170588200960
519505431082061824
519504642884251648
519504514949582849
519504037772013568
519503967047651329
519503918599266304
519503691746123776
519503638767890433
519503310043488258
519503300002349056
519502981872771072
519502879028416512
519502848477130753
519502763277840384
519502472868794369
519502339066322944
519502330484752384
519502318648459266
519502293142863872
519502281528836096
519502153304776706
519502128214462464
519502078843305984
519502026095747072
519502019460358145
519501902456057856
519501877130850304
519501375328505856
519501245896085504
519501193484439553
519500903477702657
519500792420925440
519500666713022464
519500453697310720
519500451600142336
519500398219251712
519500387544731650
519500360403386368
519500295924359168
519500277976948736
519500209794330625
519500149312471041
519500142417018882
519500059613097984
519500057234903040
519500033021214720
519500015195422720
519499929228967937
519499851214901248
519499778292744192
519499730460884992
519499567113711616
519499549493428225
519499538999287808
519499528693907456
519499492631252992
519499374691643393
519499362897244160
519499351761367040
519499345125969920
519499321767886850
519499305070383104
519499302566379521
519499282395971584
519499166196989953
519499112274989056
519499083564982273
519499043077369856
519499022927941633
519499017550831616
519498978216669185
519498962282496000
519498947711475712
519498866035793920
519498852949561345
519498740416389120
519498719390351360
519498691414351872
519498687773675520
519498673320108032
519498659697033216
519498658270969856
519498640596144128
519498626817880065
519498593338949633
519498591803822080
519498507913543680
519498431363313664
519498430759313408
519498418197397504
519498405455085569
519498384244473856
519498260218904576
519498254065860608
519498252375580674
519498242149855232
519498231286616064
519498191415562240
519498125825040385
519498069944328192
519498047475449856
519497967104196608
519497923307270145
519497919674986496
519497907108839424
519497808278470656
519497798514147329
519497775843934208
519497772144549888
519497765475598336
519497721041149952
519497699448856576
519497694348578816
519497682264788992
519497583639928832
519497581593104384
519497566271328256
519497550840483840
519497550802747392
519497523770449920
519497521975283712
519497520796663808
519497514169692160
519497498931777537
519497442640027648
519497435983650817
519497434565971968
519497388663517184
519497380933423105
519497369101279233
519497214155296769
519497188217724928
519497171943841792
519497135101059072
519497106743386112
519497038556569601
519497030205710336
519497028364410881
519497018948218881
519497010224041984
519496991928516608
519496979723083776
519496933883510784
519496887419019265
519496887347736576
519496877797310464
519496876908089345
519496854707650561
519496850655940609
519496849116626944
519496827390148609
519496822457651200
519496799942610944
519496795282759680
519496777419210752
519496772574781440
519496766870540289
519496757458530304
519496726471012352
519496726051557376
519496716371132416
519496706871025665
519496699304488961
519496694187442176
519496690542583809
519496634263425024
519496633101611008
519496623043670016
519496623031066626
519496604613877761
519496502860054528
519496495100612608
519496492617572352
519496474150060032
519496452801040384
519496436791402496
519496431816966144
519496431489810432
519496428843180032
519496427001905152
519496419397627904
519496406340743168
519496404922667008
519496398111535105
519496357493870592
519496351458275328
519496332613287937
519496315462778880
519496305841037312
519496287495127040
519496256096567296
519496237549387776
519496236253319168
519496231169843200
519496224412794880
519496213935435776
519496193874083840
519496193752436736
519496171929489408
519496158264451072
519496147493478400
519496101926547456
519496099669999616
519496075166887936
519496049078337536
519496034935123968
519496005142978560
519495993902256129
519495978093916160
519495956300308480
519495941330862080
519495938831024128
519495897638764545
519495894102970369
519495869834739713
519495865036439553
519495851744694272
519495794882527233
519495791346733056
519495748950720512
519495715194961920
519495675600723969
519495659054194688
519495657732997120
519495600895983616
519495583145279488
519495577038782464
519495571997196288
519495528854589440
519495503567134720
519495499838025728
519495499364458496
519495476597776384
519495474244763648
519495453126459392
519495438467342336
519495430716280832
519495424852635648
519495419425214465
519495398776655873
519495384310489088
519495371886952449
519495348117843968
519495276512698368
519495257533480960
519495254232555520
519495241586724864
519495239158206464
519495239149826048
519495208279748609
519495195935932416
519495187878662144
519495140227182593
519495097445281793
519495051270164481
519494963361767425
519494822407970816
519494748168806400
519494694204895232
519494647744569346
519494631974006784
519494626055839744
519494617843388416
519494585522077696
519494557579640833
519494533667909633
519494532212486144
519494512792850432
519494503447932928
519494483655020544
519494483193626626
519494446556409856
519494440453672960
519494436137742337
519494411676549120
519494388163280896
519494311311060992
519494296945561600
519494290427621377
519494281720258560
519494272652181504
519494187373592576
519494171523317760
519494157232914433
519494134290464768
519494117228036096
519494087846924289
519494081819709440
519494041415983104
519494040480657408
519494033836896256
519494031202861056
519494019391688704
519494016543756288
519493999288385536
519493977637404674
519493970465161216
519493925791604736
519493913930108928
519493881462030337
519493859228008449
519493840332656640
519493739572912128
519493732358713346
519493729946976256
519493688503074817
519493667573481472
519493649827381250
519493624758018048
519493616579129344
519493597096595456
519493542595817472
519493527001387008
519493523771768832
519493423771176961
519493399121235969
519493383862374400
519493375519887360
519493375482138627
519493317227470848
519493306594893824
519493306540376064
519493298139172864
519493264513466368
519493245483888640
519493233869864961
519493214970335232
519493199317172224
519493164978429954
519493107977846785
519493035500269569
519493002864377856
519492998489735168
519492994274455552
519492990319206400
519492983293759489
519492926913929217
519492915316678656
519492906995187712
519492901588717571
519492895989321728
519492882148126720
519492859368861697
519492822312185856
519492815865536512
519492813399285761
519492806927478784
519492798144610304
519492765038964738
519492738333822976
519492733606846464
519492722085085184
519492706197061632
519492686605475840
519492667143905280
519492661821333504
519492656343552000
519492641286000640
519492638199001088
519492625091796993
519492620985589761
519492597891747840
519492584822304768
519492563213221888
519492547899846657
519492534947819520
519492522322976768
519492511791058944
519492509907820544
519492491671011328
519492486293905408
519492474130423808
519492465683075072
519492463736537089
519492461694291969
519492461270687745
519492458825416704
519492458502443008
519492423438049280
519492418379743233
519492405691949056
519492398590603265
519492371533537280
519492371101532161
519492371093143552
519492367263735809
519492364805898240
519492343398137856
519492337526140929
519492323257102336
519492323009638400
519492319926837248
519492304978341889
519492298288431104
519492296535183360
519492293175554048
519492292240211969
519492285088940033
519492284216508416
519492276859727872
519492268987002880
519492264218095617
519492263979003904
519492254676025344
519492250792103936
519492247260499968
519492237500358656
519492228235157504
519492216491114496
519492210744909824
519492204424089600
519492198384304128
519492189093892096
519492167732301825
519492148304289792
519492081434525696
519492081203826691
519492074656497664
519492071108116480
519492070944555008
519492064653082624
519492011905548288
519491997116424192
519491935518875648
519491914538967040
519491875498377217
519491875305435136
519491860549869568
519491855361523712
519491845702049792
519491840077484032
519491835103023104
519491811547828224
519491764605177856
519491764424830976
519491758380818432
519491743285514240
519491720141340673
519491713799573504
519491712314781696
519491708019810304
519491706673463296
519491669650333696
519491664101249024
519491659139416065
519491632023212032
519491565824512000
519491556106338305
519491536959324160
519491526733602816
519491514536587265
519491491019128832
519491488074719233
519491485365186560
519491473902174208
519491470894841856
519491463311552512
519491446282649601
519491440779726848
519491439798288385
519491437034209280
519491411927105537
519491408655577088
519491391635087363
519491383758184449
519491370348998656
519491368537059328
519491338455506944
519491338409353217
519491321107853312
519491318679339008
519491304255135744
519491302476750848
519491298940944384
519491292011970560
519491287133990916
519491269513740289
519491269190766592
519491263687831552
519491261146087424
519491244666650624
519491242552754177
519491223065989120
519491220138360832
519491201888960512
519491156355600384
519491150286442496
519491144741576706
519491132326445059
519491130661281793
519491101343117313
519491089519366145
519491086910488576
519491083160813570
519491054002003968
519491037266714624
519491026961317888
519491026420256768
519491012704866306
519491012180574208
519491006899949568
519491006899949568
519490939568783360
519490932186832896
519490928105758721
519490919486472192
519490914872754178
519490913119518720
519490872002756608
519490870362771458
519490854646726656
519490824363864064
519490821922754560
519490803639787520
519490793405689857
519490791459520512
519490790587117568
519490748568600577
519490725197910016
519490719124586496
519490707388891136
519490660236541952
519490654964289536
519490649939521537
519490643098611712
519490637583122433
519490601289809922
519490544448569344
519490534097055744
519490533803446272
519490497887621120
519490491726200832
519490484381974529
519490474248515584
519490470301679617
519490459279052800
519490457483878401
519490448172535808
519490427884666880
519490402190360576
519490401334747136
519490394535772160
519490374986117122
519490331205959683
519490301111836672
519490283235729408
519490278248681472
519490261937041408
519490218270130176
519490217716486144
519490217364176896
519490212607844352
519490209919291392
519490201253867520
519490162657886209
519490158681653249
519490146451070976
519490133893332992
519490109742542848
519490097306415105
519490083221954560
519490081531641857
519490075592503296
519490044969881600
519490039068520449
519490025734823936
519489991026954241
519489988896243712
519489984240570368
519489977038958593
519489966750326784
519489964007251968
519489959443845121
519489955736088578
519489943413211137
519489930549280768
519489927793639426
519489897204555776
519489892385312768
519489867831844864
519489861896912897
519489848043126785
519489814434172928
519489798634221568
519489775037067265
519489754082316288
519489704430161920
519489704207843328
519489661962813440
519489635568058368
519489626718101505
519489601493536768
519489599652249600
519489586050109440
519489573064552448
519489562973065218
519489560741675008
519489547894521856
519489510896181248
519489506157019136
519489491946332162
519489479401541632
519489422191259648
519489339332788224
519489326380777472
519489295070285824
519489289366011904
519489253743820800
519489249058754560
519489243912355840
519489243161571328
519489223205064704
519489209422585857
519489175402582016
519489170088423424
519489162177941504
519489142473109504
519489132310327296
519489125196791810
519489110810329090
519489067382493184
519489054099124224
519489053373509632
519489030107725824
519489018699194368
519489007827566592
519489005424222209
519488990677045248
519488984813420544
519488967083692032
519488952450158592
519488911589265409
519488908107997184
519488903632670720
519488902697345024
519488892723298305
519488882308829184
519488870065643520
519488854441857024
519488830785990656
519488824179957760
519488800456990720
519488793423151104
519488774183862272
519488748577644544
519488734900015104
519488715799158784
519488667535310848
519488653094297601
519488628272422913
519488616691937280
519488613869158402
519488609339330561
519488591723257857
519488567278845953
519488551399227392
519488516695556097
519488467626364928
519488462966489088
519488453101502464
519488450886893568
519488443140022272
519488442703806464
519488440493035520
519488391881453568
519488368192020481
519488327477911552
519488321115127808
519488304061116416
519488293378199552
519488285312548865
519488280447188992
519488267411271680
519488228613980160
519488227204694016
519488214743396352
519488203309723648
519488202022072320
519488128521097216
519488124351938560
519488092739485696
519488091653156865
519488090843652096
519488084925513728
519488079246413824
519488054474854400
519488023919362050
519487989362479104
519487977962356737
519487850879148032
519487799896981504
519487765122400256
519487696025440256
519487692162465792
519487682981134336
519487671258066944
519487659518230528
519487636202061824
519487621241004032
519487612869156864
519487565536440320
519487558808780800
519487557001052160
519487513954893825
519487496179429377
519487487077777408
519487483332296704
519487474146762752
519487451669495808
519487415036428288
519487398213066753
519487397055459328
519487385936334848
519487371877031937
519487361072500736
519487346627317760
519487308832460800
519487302264164352
519487274946662400
519487264171507712
519487254495236096
519487236694605824
519487235696394240
519487227009990656
519487211700772865
519487200229343232
519487149482442752
519487122424999937
519487120537583617
519487117010149376
519487102380421121
519487099373105154
519487003789099008
519486991306883073
519486967760048129
519486946725621760
519486943521173504
519486838705512449
519486832548274176
519486831877193728
519486828253315072
519486815133515776
519486796443701248
519486791846756352
519486774830448640
519486766475382785
519486763363229696
519486749719162880
519486722821087232
519486692106174464
519486655674454017
519486602666840064
519486596786438144
519486585117876224
519486552263897089
519486550179344385
519486536426225664
519486516759105536
519486499860275200
519486498660712449
519486489961717761
519486487893905408
519486469493518336
519486464175144960
519486448635215872
519486427835678720
519486414820765697
519486394356731904
519486366024220672
519486348122914816
519486342888456192
519486320071438336
519486319677177856
519486297380237312
519486290052796416
519486276874285056
519486265881014272
519486221249413120
519486172570337281
519486158230007808
519486155440783360
519486097936908288
519486085798576129
519486077414178816
519486074503319552
519486045231284224
519486009474809856
519485972292313088
519485965417840640
519485938251341824
519485922794938368
519485887143743490
519485875890450433
519485875319623681
519485869137604608
519485864532279297
519485861420097537
519485855925547008
519485855048540160
519485843464282112
519485827995693056
519485815966408704
519485748215820288
519485725117784064
519485706759323648
519485669169979392
519485669115428864
519485628250324992
519485614132310016
519485613410881536
519485608998084608
519485585174822912
519485493785145344
519485489926373376
519485462537580545
519485436490948609
519485423404716032
519485409630650368
519485407621578754
519485403959943169
519485399568490497
519485399035830273
519485398004015104
519485387698614272
519485371533770752
519485367834398720
519485362042044418
519485356807577600
519485354131619840
519485338314878977
519485333046833152
519485329590730752
519485303107895296
519485250356121600
519485233591484417
519485228537348096
519485213723082752
519485207825891329
519485207649718272
519485170223947776
519485153874558976
519485140394053632
519485135541256192
519485118797590528
519485061469847552
519485039068078080
519485037130289155
519485036459220992
519485020294369280
519485009124937728
519485002070122496
519484968729608193
519484965097316353
519484906595176448
519484894918246400
519484835958910976
519484788177403904
519484776391405568
519484723786424322
519484690395189248
519484663015170048
519484656669167617
519484633940250624
519484620749168640
519484579649167360
519484526427660288
519484511948922881
519484505225441280
519484504260743168
519484497042358272
519484496622927873
519484494873890816
519484466310680577
519484463362101248
519484419959451648
519484369392926720
519484353370664960
519484332516573184
519484292842659840
519484282323337216
519484187066507266
519484144876023808
519484126957928448
519484118858743808
519484104484847616
519484051242377216
519484020619739136
519483987375710208
519483969398915073
519483958078492672
519483955478028289
519483943805272064
519483856639250434
519483854806343680
519483829279404032
519483822195634176
519483809990209536
519483776100216832
519483769993314304
519483636983541760
519483616695681024
519483613797429248
519483606298009600
519483558105448449
519483468913598465
519483453277229057
519483434365116418
519483408880119808
519483363993079808
519483340228153344
519483267809304576
519483265183653888
519483119662288896
519483078738464769
519482919187120128
519482616933007360
519482456148541441
519482363810963456
519482350137528320
519482324359327744
519482305459785728
519482143798751232
519482124903395328
519482107492851712
519481830199021568
519481829578264576
519481786653749248
519481780110630912
519481626850758656
519481516913868801
519481415210389505
519481198402613248
519481085802344448
519481029405716480
519480984254042113
519480687150497793
519480675767177216
519480646411223040
519480627822084096
519480586420109312
519480558863544320
519480536122023937
519480125130153984
519479651576864768
519479521243062273
519479337096347648
519479146217734144
519479073899556864
519478933675593728
519478856886284288
519478749105254401
519478708248518656
519478615873187840
519478551482220547
519478525188136960
519478495312097280
519478373295194112
519478316315971585
519478161210617858
519478122274881536
519478041350008832
519478009376825344
519477945652740096
519477844033146880
519477826362540032
519477704429932544
519477383137873920
519477358810910720
519477300170334209
519477226568294401
519477145832550402
519477097723863040
519476961077637120
519476871839617024
519476807058591745
519476716625215488
519476571556827136
519476558139228160
519476479923851264
519476298276962304
519476289661829120
519476259840360448
519476249287491584
519476235534368768
519476180786098177
519476110732845056
519476103279546368
519476019527692288
519475981334364160
519475971578396672
519475923268403202
519475923268403202
519475859653021698
519475748495982592
519475708503285760
519475677087948800
519475600000839680
519475585144606721
519475472082952193
519475451245629441
519475354302705664
519475350150336512
519475304847654912
519475289571983360
519475258362200064
519475255468130304
519475231703171072
519475226208657409
519475200711471104
519475190682890240
519475150031704065
519475141659881472
519475104905179136
519475008591388672
519474994007384064
519474921127563264
519474913145790464
519474902978789376
519474869818626048
519474781729865728
519474768761061376
519474757671337984
519474712737746944
519474708728008705
519474695742447616
519474648011264001
519474646547439616
519474610908434433
519474607745929216
519474427273437186
519474388459343873
519474352602218497
519474331433586689
519474320549371904
519474259929096192
519474237661528064
519474233274294272
519474139883896832
519474009562689537
519473986183639041
519473962024443905
519473886166278144
519473820164698112
519473817107046400
519473783674261504
519473772597088256
519473745468346369
519473633442676737
519473614362804224
519473559232839680
519473492484718592
519473467025289216
519473444510257152
519473434875932672
519473406899924992
519473359684648960
519473341501956098
519473285218967552
519473262959816704
519473247533166592
519473220366659584
519473188464787456
519473131413856256
519473122337382400
519473073373065218
519473007669313537
519472937049817088
519472865947971584
519472756455669760
519472709131304961
519472706962870273
519472701577388032
519472701187293184
519472623420325888
519472564612382720
519472512967520256
519472454595776512
519472447469670400
519472443141148672
519472432210796546
519472382109810690
519472309607079936
519472294587289600
519472277495504896
519472195161309184
519472186588168192
519472186160320513
519472172029730817
519472161359409152
519472160268906496
519472053188321280
519472026726465536
519472008179249152
519471983592226816
519471897365741568
519471840650334210
519471803740454912
519471758194528256
519471745955549185
519471725629935616
519471724002545665
519471703869882368
519471698996121600
519471632549941248
519471618373201920
519471615059714048
519471609170903040
519471603403730944
519471568590995456
519471515860238336
519471488614031360
519471431844122626
519471425942736896
519471417570914306
519471408733511680
519471391662678016
519471379520176128
519471364592656384
519471338558595072
519471316609826816
519471301673910272
519471291544649728
519471279540535296
519471100468936704
519471037902516225
519471007422513152
519470966838411264
519470893677178880
519470877415849984
519470860839972864
519470857396441088
519470823795474432
519470756468895744
519470704597929985
519470680216449024
519470648218095617
519470575203680256
519470546892115969
519470534556655616
519470515787145217
519470456701988865
519470424930131968
519470421654392833
519470342365274112
519470293942022145
519470212572520448
519470152522665984
519470146646446080
519470072747028481
519470051507044352
519470045639217152
519470000504328192
519469984964030464
519469950478864384
519469945055219713
519469941771472897
519469907927662592
519469877430865920
519469848288452609
519469841007538176
519469832010358785
519469830072967168
519469802789023744
519469768768638977
519469756588773376
519469709541253120
519469700691279872
519469667606622208
519469667325587456
519469663320014848
519469628930916352
519469592536973312
519469589428973568
519469569774452737
519469558386929664
519469531954425856
519469511146483712
519469445082021888
519469435116331008
519469378480660481
519469262977908736
519469253830148096
519469196976328704
519469175077892097
519469160045477888
519469056693649408
519469041623531521
519469028868235264
519469016331874304
519469010682146818
519469007729336320
519468988796264448
519468979094827008
519468955199877121
519468923364704256
519468907779080192
519468862002446336
519468796856508416
519468762215747585
519468759594332160
519468754728919040
519468749498621952
519468702295949312
519468685270859777
519468675942711298
519468670381457408
519468668850552832
519468645077229569
519468643298840576
519468616954433537
519468545970016257
519468484380856320
519468460125200384
519468459760308224
519468395415482368
519468393632903168
519468306445926400
519468279375855616
519468234089984000
519468225323892736
519468209217744896
519468206638235648
519468150606557184
519468138501791744
519468089549660161
519468088727994368
519468087285137408
519468050484297728
519468013645729792
519467975909576704
519467968078835712
519467956066328576
519467935820443648
519467911489282048
519467905990156289
519467899032195072
519467897589358593
519467879591600128
519467872775860224
519467834947407872
519467816647680000
519467754194501632
519467747210964993
519467700448686080
519467679808503808
519467672900501504
519467672330076161
519467668488065024
519467619792207872
519467587399610368
519467565337550849
519467564473524224
519467557292888064
519467554122006528
519467534215839744
519467512074092544
519467490557308928
519467469799686144
519467434139742209
519467394449047552
519467379596984320
519467338366980096
519467307710812160
519467289985691648
519467285485207553
519467271849525248
519467269660094464
519467252866093056
519467240799084545
519467232150446080
519467216904134657
519467203117461504
519467143973588992
519467128588881921
519467102034755584
519467086243168256
519467079943348224
519467075950358528
519467072485879808
519467052273508352
519467017485950976
519466997453959168
519466996283764736
519466975396118528
519466958690197504
519466931116851200
519466926603788288
519466892931903488
519466874699280384
519466865173987328
519466846484193280
519466844965855232
519466840909938688
519466835792494592
519466812036366336
519466806231453699
519466797574406144
519466787138985984
519466768826634240
519466766888882178
519466747171467266
519466727365963777
519466703320006656
519466685838151680
519466670063382528
519466662656241664
519466655727239169
519466648882147328
519466619429744640
519466603420086273
519466586160500737
519466560965332992
519466534918717440
519466510520446976
519466509765443584
519466465117081602
519466454211907584
519466442442698753
519466436373540864
519466433366200320
519466419562762240
519466404417110017
519466404178042880
519466388780752896
519466386759118848
519466378315968512
519466370095140864
519466365296865280
519466341498384384
519466299752480768
519466280924241921
519466255057956864
519466230500327424
519466192634134529
519466185487024128
519466166532968448
519466147385974784
519466130847850496
519466124631875584
519466056768045056
519466038363426816
519466030377484288
519466019627487232
519465984613425152
519465976149331968
519465955987292160
519465949888790528
519465941357572096
519465924718772225
519465882381471744
519465875808980993
519465874680721408
519465845547098113
519465838332895232
519465834495090688
519465823757676545
519465809488654336
519465799497428993
519465765041631233
519465758620139520
519465756820787202
519465754479980546
519465752899092480
519465740471394304
519465733223243777
519465722041626624
519465712554094592
519465700516438017
519465699941810176
519465692434022401
519465681533034496
519465660590862336
519465646946787328
519465614268956672
519465593792368640
519465592861241344
519465584921427968
519465579212992512
519465553048911872
519465547277533184
519465544987463681
519465537353826305
519465519460937728
519465483918409728
519465479615033344
519465473277431808
519465461629853696
519465438687031296
519465432525586432
519465412191604736
519465398321033216
519465373306200064
519465349486768128
519465347485675520
519465334110449664
519465326535540737
519465300639903747
519465245451247616
519465240422281216
519465186760351745
519465170947809280
519465166950649856
519465142116167680
519465133241024512
519465092736622592
519465077486157824
519465029868195840
519464987442827264
519464981017141248
519464957189324801
519464889635848192
519464883277291520
519464881792512000
519464868622389248
519464865208238082
519464862939086848
519464857708802049
519464841917263872
519464825026793472
519464777253662720
519464729153380352
519464722329239552
519464704314724352
519464686551851008
519464668906389504
519464656969433088
519464648408838144
519464643933507585
519464636027240449
519464627420557313
519464617077379072
519464542800465920
519464471107223553
519464454476800000
519464450051801089
519464446788661248
519464435027820546
519464410205925376
519464389163094017
519464386751373312
519464372767555584
519464343524868097
519464323014754305
519464322565947392
519464304555610113
519464294912897024
519464290391429123
519464270409760768
519464270221049857
519464265150103552
519464258409889792
519464256602124288
519464221470629888
519464201358938112
519464191053557760
519464176293806080
519464158241513474
519464147155943424
519464138448576512
519464124057919488
519464075416567808
519464060954607616
519464042155757568
519464020471209986
519463968113704960
519463965488078848
519463964628246529
519463957871230976
519463957007204352
519463956046680065
519463943522508800
519463911222181888
519463909716414464
519463885494288384
519463869270732800
519463863214170112
519463859510583296
519463857014984704
519463852917129217
519463849754640384
519463848823508992
519463840904663041
519463829127069696
519463789197266944
519463779772661760
519463718275796992
519463683786031104
519463682129289216
519463668921421825
519463637422194688
519463577099718656
519463560661856257
519463473366183936
519463443691487232
519463440604463105
519463426440302592
519463397747089408
519463391858278400
519463360514244608
519463328146788353
519463311633809408
519463308379037697
519463293468278784
519463274442543104
519463262870847488
519463249931415553
519463182105317376
519463171611185153
519463151918931968
519463135263350784
519463108600160256
519463076782149632
519463076593430529
519463074143952897
519463068099944449
519462992883490816
519462987678355456
519462984880779265
519462984679424000
519462909907566593
519462905860079616
519462877875691521
519462869981622272
519462864290332672
519462857969512450
519462822242422785
519462811811192832
519462803611348992
519462787995934720
519462767536111616
519462757331374080
519462750050086912
519462737617752064
519462726121566208
519462725400141824
519462715807789056
519462708258045953
519462697059237888
519462688809046016
519462666348539904
519462651475550208
519462640100597760
519462597817815041
519462580851834880
519462579929120768
519462545904902144
519462510513381378
519462508277825536
519462470399041536
519462468750684160
519462452397113345
519462425708744704
519462412580552704
519462398743552000
519462362680946688
519462345937281024
519462345853382656
519462327121620993
519462322931523584
519462310143094784
519462285065334784
519462247991902208
519462193465937920
519462149480280065
519462149417361408
519462147890622464
519462108447399936
519462104777375744
519462096007086082
519462069482323969
519462013391872000
519461959586942978
519461836941705216
519461817635328000
519461797720768512
519461687674802176
519461682918490112
519461646751006720
519461642237911040
519461625502662656
519461612525469696
519461586831163392
519461524457676800
519461519743279104
519461496813023232
519461449127956480
519461437149036544
519461401585532928
519461385471021056
519461385361973248
519461288335114241
519461279166377984
519461264939286528
519461212397248512
519461202070884352
519461074824089600
519461042754428928
519461021866807296
519461017458589696
519461010839994368
519460995685969920
519460990053015553
519460950093873152
519460921035726849
519460904979951616
519460898411671552
519460891302297601
519460814169075712
519460814169075712
519460765330571264
519460749086056448
519460729314115585
519460704429289472
519460644480118784
519460632694099968
519460630412410881
519460554826850304
519460551899234304
519460531175170048
519460504130310144
519460470924009472
519460464385085441
519460446286655488
519460415580143617
519460372987011072
519460350400675840
519460328846131200
519460321602580480
519460291147759616
519460273644908544
519460191021301760
519460089745637376
519460074797162496
519460056581308416
519460048448548864
519460026873020416
519460022548709377
519460001744973824
519459979829727232
519459948770885632
519459935302979584
519459928386592769
519459891799658496
519459802083516416
519459779987914752
519459747133915136
519459745758216194
519459715789885440
519459690875731968
519459646697123840
519459618159095808
519459614514237440
519459523049046016
519459483010224128
519459432414343169
519459426026389504
519459419298758657
519459396196515840
519459384414715904
519459365716508672
519459346221391872
519459309839978497
519459280337248256
519459257079824384
519459214042071040
519459186342891520
519459170115145728
519459164817743872
519459115354312704
519459109218037761
519458927969583105
519458904837996544
519458696817307648
519458655104929792
519458606170001408
519458432307716096
519458392147263488
519458388313636864
519458229043339265
519458178791374848
519458178539724800
519458169706524672
519458113771298817
519458092896223232
519457693841760256
519457519320977408
519457401226153985
519457100054142978
519456997964783616
519456994634514432
519456827743145985
519456614060158976
519456551334346753
519456518073503744
519456493985603584
519456273201643521
519456041529274368
519456037607571456
