820780705655492608
820777113980727297
820775077381898241
820774771751350272
820773477846237184
820773477846237184
820768653561987072
820766679626108928
820766665327644672
820766625922170880
820764634781192193
820762909919866881
820762504846540801
820757558080061440
820757558080061440
820755234117001216
820752309567320066
820752163349610496
820752077563502594
820749365060976643
820747774455062528
820747296824561669
820747224711839746
820746945400553472
820746786532892672
820746663673417728
820746636515282944
820746439454298115
820746099761803264
820745960603189250
820744805714186245
820744624562126849
820744574238883841
820744566005465088
820744465434497032
820744052094238720
820743753560420352
820743288986681345
820741343605641216
820741314857893888
820740932341469184
820740532351733760
820740532351733760
820740079127826432
820738578137366529
820737895359246338
820737566882361344
820736996301828098
820736779510775812
820735244341047301
820735146924146688
820734538481541120
820732917420855297
820728132231692288
820727904711503872
820727640898183170
820727619020845056
820727502272217088
820727449918898176
820727006061072385
820726497510039554
820726468510482433
820726468510482433
820722380616110080
820720087565041665
820719954144231425
820719459891609600
820718869220356098
820718404260757504
820717468419244032
820717339792592897
820716133724590080
820713285473435652
820710793188691969
820710793188691969
820709024798740480
820708713824710657
820708713824710657
820707340550803456
820706633496010752
820706353257873408
820706329748717572
820706227814600706
820706096868446211
820702587200634882
820702139425193985
820702139425193985
820699366222688256
820697687620222977
820697664203395072
820696935170510849
820696648624050176
820696375050506240
820695427704127488
820695423954219009
820693929305772032
820693869004255234
820693670550708224
820693632890052608
820693110971887617
820693067518853121
820692899981627393
820692851000545282
820692740098953217
820692199641927680
820691405261651972
820691389084270593
820687304788504577
820686723051036673
820685584419192832
820684689769988096
820684091154694149
820684038910410753
820683383642722304
820682733345193984
820680239626014721
820679539512594433
820678563028496384
820677229881466884
820676653089247232
820674562337730561
820674537230635008
820674487943397379
820674156849221633
820673149738086400
820672845621719041
820672652465541121
820672646354444289
820671956567592962
820671687343517696
820671279187496961
820669152243412992
820667822804271106
820667626775052288
820667586841116672
820664985122643969
820663757831622660
820663734414831621
820663692018798597
820661483369623553
820660582294687745
820659660432752646
820659200871329792
820657765773406208
820657725080276993
820657426550706176
820655991771512832
820655006584029184
820654336648810497
820654285188984832
820654019496579072
820653247748800512
820653024033075200
820653022082699264
820650949492559872
820648187228749824
820648008060698624
820647874811858945
820646736523907076
820645593945149440
820645423467659266
820644810264576002
820644212676980736
820642354382196736
820640764376088576
820639619435941889
820638643236798465
820637855215210497
820637459193151489
820636419173584896
820632981295529985
820632815662493696
820632694648356864
820631633497686017
820630211050008580
820629646660304897
820629632131223554
820629579681460225
820627444885491713
820627030878355456
820626876649639937
820625927105314817
820622876906835968
820622799379320832
820622485766991872
820622062083567617
820621792465354754
820620956674781184
820620436308459521
820617845671424002
820617160477249537
820616538298253313
820616524708937729
820616162023211008
820615799887003648
820615336038985729
820615212822921218
820613544760766469
820613265982160896
820613231714697217
820612862595002370
820612740469456896
820611361948499968
820610999464132609
820610853053595650
820610286172442624
820610251946885120
820608877217640449
820608192858247168
820608032761585664
820607651621064709
820607375027605504
820607129769934848
820607072236695552
820606966527590400
820606958696824832
820606940644573185
820606928791490560
820605478182981632
820605452849414144
820605375472922626
820604751154966531
820604286447009792
820604267748847616
820604184416448512
820604177319596032
820604032817528833
820603726239072258
820602960602365953
820601827414654976
820601436350414848
820601273582059520
820601217214808064
820600430837334016
820599928389038080
820599847967461377
820599828434468864
820599766262435840
820599705734381568
820599689116581888
820599396194779137
820598901883490304
820598891900964864
820598533451632640
820598499209265153
820598391180816384
820598193574572033
820598129200402432
820598063412690944
820597949507977217
820597555910373377
820596931873411072
820596853263790080
820596848901627906
820596546098069506
820596446886068224
820596392351645696
820596264656052225
820596152831770625
820596106035859456
820596031486300160
820596022250500100
820595840158990336
820595765609304064
820595744910483456
820595743392153600
820595547102973952
820595333130579973
820595199932006400
820594973959749633
820594936445861890
820594181668241408
820593572042903552
820592855823552512
820591802503856128
820591316648230913
820590389166043136
820590273596112896
820589399847108608
820589147152908288
820588397601427457
820588270052634624
820587797971169280
820586696853037056
820586542074892288
820586402828185600
820586400793894912
820586300889829377
820585189793533956
820584526200139776
820584363276566528
820584214009614336
820583683916791808
820583662454534144
820583643848593408
820583606317969408
820583586596356096
820583575795933185
820582214161276928
820582082128871424
820581752158769153
820580852799328256
820580789289123840
820580731957153792
820580471109275648
820580229697650688
820579834397081601
820579611314626565
820579244715757569
820578846294548482
820578775020802048
820578529427542016
820578525262528512
820578442404052992
820578386473091072
820577830346125312
820577582466891776
820577490762600448
820577108506378244
820575942426951680
820574565919297536
820574526790631426
820573957359341568
820573425186066432
820572967205818368
820572232518926336
820571863541837824
820571351710859264
820571226321997824
820570824004472832
820570800680005632
820570738293936134
820569079174098944
820568969543385088
820568882075275264
820568823216611328
820568198651252736
820567779631841282
820567353511514112
820566571705843712
820566464444895233
820564126615408640
820563681524125697
820563608883134468
820563005276459008
820562968593174528
820562772689752064
820562456451907585
820562440446496768
820561955635265536
820561511940759553
820561427698249728
820561305396461568
820558252786282496
820557975421124609
820557740204560384
820557112359194624
820556252119973888
820556030719512576
820555491520708609
820555463473463296
820555302613426176
820554899452817408
820554609840259073
820554262207991810
820553913195696128
820552566056554496
820550732172640257
820550721431097345
820549364930277376
820548929729216513
820548636882989056
820548458721476608
820548254760837122
820548108052561920
820548008374898689
820547950678069248
820547908911120384
820547689398104064
820547675946946561
820547439744708609
820546754118553600
820546666742874112
820546568378060801
820546530780319744
820546415604666368
820546381597310976
820545939895177220
820544376883580929
820544288597614593
820544255001239552
820544243655704576
820543567642951684
820543369722167296
820538562017918976
820536980425637889
820529265766780928
820529097147293697
820528952678694912
820515211815911424
820515177410023424
820511743336128513
820507616317239296
820500902754848768
820500220937207809
820485600071577600
820473571403333632
820449483398008834
820445995834163205
820445995142156288
820435911980761090
820434478304739328
820433172701859840
820430411453046784
820423782288474113
820422866801934337
820422762988765185
820422261568061440
820421018162462720
820420466972033024
820419595924291584
820419547979218944
820418517128323072
820415034862039041
820410357537767429
820406912449736705
820406763723849728
820405604170735621
820405293226016768
820405136078110720
820405003277967360
820403890055155713
820403824213053441
820403723688144896
820403537075113989
820403267071045634
820403116474515456
820402416868671488
820401945584304128
820401783117725696
820401612116070400
820401497468858368
820401257252876288
820401093117181954
820401079166922752
820401068530089984
820401053476810753
820401042907086852
820401029464342528
820401018718613504
820401012687118338
820401005292613634
820400997080109057
820400751306539008
820400707077603333
820399753657745408
820399705188429824
820399646338121728
820399528176222208
820399425361235968
820399376950497280
820399250626514946
820399082933985280
820398185441067008
820397666169450497
820397456714244096
820397202682105856
820396979570311168
820396650313170944
820396522386771968
820396488924758016
820396379671580672
820395679755472897
820395220298821635
820394981261266945
820394603597676547
820394562959134721
820394049769185284
820393485165625345
820393265514119168
820393230344798208
820393159519797249
820393057505972224
820392800630042626
820392194976706560
820392174391062530
820390832943599616
820390760969342977
820390659190386689
820390032607318017
820389987929784320
820389612027781120
820388826417922051
820388284102836226
820388229459349504
820388053093089280
820387625454436353
820386593034924032
820386545815392257
820386122790473731
820385936341172224
820385770586472448
820385601660878848
820385562485997568
820385529053282304
820385225586987008
820384940391010305
820383373118111744
820382948226633729
820382736288542720
820382314928676865
820381827261022209
820380915788578816
820380882926190593
820379777928495104
820378878296424448
820378671840161793
820377795582947328
820377715375214593
820377469291266049
820377387020013568
820376475698339841
820374336540471297
820374330857103360
820373174906920960
820373079037804545
820372707304996865
820372637276848128
820370473188003841
820368605330214913
820367166176370688
820367144718372864
820366880913420288
820366151645626369
820361253197676544
820360405360984066
820360239044247553
820358874985283584
820358437368397825
820358322251558912
820357276183699461
820357245661806592
820356813023510528
820356129804914688
820355952549433345
820355693576355841
820355596327075842
820355446099890177
820355086530527232
820354947556503552
820354515220238336
820353297097834497
820352592874192900
820352571646808066
820351831956221952
820351317973618689
820351317818376194
820351312340676608
820351306229567489
820351177460158464
820349162957008896
820348707946295300
820347794242306049
820347070951358465
820345358232522756
820345199260008449
820344713966481408
820344710564892674
820344696954294272
820344625307205632
820344450601742336
820343030356017152
820342624267759616
820342494340771841
820341859465777154
820341386033631233
820338536180289536
820338265698013185
820337756668837889
820337653757411330
820337475226845185
820337140101943298
820336346292224000
820336178180292613
820335633453424642
820335026818650112
820334983248224261
820334963488944128
820334765626839040
820334319948414976
820334287656550402
820334271286145025
820334013797847040
820333810705371140
820333171803881472
820332601412059136
820332565429186560
820332496915222530
820332395555475456
820331624466366464
820330715803947008
820330170372464640
820330021608980481
820329350147010561
820329027235942400
820328835136819200
820328445066563585
820327120916324353
820327077417259009
820326676483764225
820326537790717952
820326058390126598
820325917612503041
820325476677914625
820325115116126208
820324887797649408
820324585870594048
820324455587184641
820324016850345988
820324016162480128
820323450355122178
820323079826055173
820322668872351745
820322587750400000
820322199592501249
820322181834035201
820321952195899393
820321774235746305
820321697886826498
820321566529650688
820320763312041984
820320430187806720
820320305919000576
820319680858587138
820319171317743616
820319099062484993
820318197039644672
820317748555190277
820317378219216896
820317251060531204
820317171620466688
820317118260510725
820316795659763712
820316387201662977
820316317429407744
820316048377450498
820316037694521344
820315981193084929
820315783767195648
820315356984147969
820315353536483329
820315110896009216
820315092692647936
820315068340535297
820315043720007680
820315023566311424
820315007212732416
820314991689662465
820314971263369222
820314958294564864
820314462326558723
820313924167929856
820313302672769025
820312537979817984
820312511169826816
820312145695019008
820311809068593152
820311785043611648
820311150277472256
820311061245071361
820310658189262848
820309807022374912
820309774344617985
820309590617260038
820309260575850496
820308305377718273
820308272821497856
820308028331175936
820307905597407234
820307309343731712
820307197955547136
820307085174841344
820306689878413312
820306668701392896
820306519451258881
820306476220547077
820304708581527555
820304354754183168
820303698685349890
820303460713185280
820303099621359620
820303053660176384
820301895168180225
820301855414579200
820301624467812353
820301334507159552
820301059671277573
820299872200847361
820299610472124417
820299126378115073
820298896463147008
820298694561964033
820298085108568065
820297875410198530
820295465589538816
820295403308388352
820295323784355840
820295151813697536
820295098785071105
820295038726901760
820294820518236162
820294764884959232
820294718676340738
820294446071758848
820294281692729351
820294277146103808
820294122091053056
820293985910460417
820293885263872000
820292560295849988
820292560295849988
820292234880761856
820292098775617545
820291350151081986
820291247306719234
820290519570018304
820289923580239873
820289772706877440
820289454183063554
820288701804605441
820287041028194306
820285730941440001
820285619033243649
820284498927566848
820284338550013955
820284123298283520
820284053286948864
820283667692056578
820283568098254848
820282942949912581
820280946188546048
820280913179410433
820280848662532096
820280631385063424
820280546441986054
820279628132712448
820278945102921729
820278537043197953
820277794521448448
820276888794963968
820276780363870209
820276461147918337
820276327584514048
820275805678956544
820275668877459457
820275614397693953
820274491435679745
820273692445962240
820273428062236673
820273251939209216
820273204065341440
820273028101763072
820272815358230528
820272370174873600
820271647651340291
820271547017560064
820270799902953473
820270704402776064
820270493198598146
820270378782232576
820270213467869184
820270147118256128
820270077182349313
820269953416830976
820269719894757381
820269642728017920
820269410573316096
820269250338258946
820269140485296131
820268798032887808
820268696547508224
820268605262667777
820268520655245312
820268448269869056
820268390740881408
820268243365593089
820268151397117953
820268088595726336
820268071206211588
820268051761430528
820267926288732160
820267720847622144
820267565121310720
820267459081015296
820266573969653760
820266459590983681
820266319102771200
820265861441318912
820265821066948609
820265654443905025
820264922617704449
820264771513565184
820263947836289024
820263815120097280
820263602028482560
820263473598910466
820263414299770880
820263333261623296
820263298104954880
820263211563880450
820263178139500544
820263104214863874
820262506157527041
820262446124400640
820262311965368320
820262283230281728
820262097007378432
820261403126808578
820261209987543040
820260982169673728
820259749920964608
820256663336873984
820256387196391425
820256360969490432
820256193826455552
820255422510669824
820255213286289408
820255069534912516
820255047720271872
820254829209645056
820254641535459328
820254614708715520
820254145881870336
820253249139773441
820252577522712576
820252201423605760
820251322603761664
820250201541709825
820250092888268800
820249906023727104
820249847160860672
820249747063717890
820249533837963264
820248350486396929
820247673764806656
820247663337734144
820247658124156928
820247552830410753
820247505933922305
820247505430605824
820247392914178048
820247361117003777
820247102865469440
820246553432653826
820246181393629184
820246158350094343
820244681720295425
820244631673860096
820242699009794049
820241957381435392
820239044562948096
820238452855898113
820236823968485377
820236791508828160
820236600089178112
820235887304810496
820235566583283713
820235566289747969
820235388170203136
820235308780453888
820231973339799552
820230965108895745
820230741313384449
820230629325410315
820230315847188480
820229765189824514
820229475858141185
820228823509778435
820228206515077121
820227511145627648
820227487196188672
820226906301861890
820226820779966466
820226528223133699
820225270464606208
820225239091060736
820225168366850049
820224656510746624
820224648495427584
820224441397428224
820224356773167104
820223382239268866
820223074775789568
820222833636835328
820222262511026176
820222227618611200
820222036589035520
820222003298889728
820221382298632193
820221188047851521
820221081109807104
820220870195105793
820220363963564033
820220070634852353
820220048543514624
820219812576104449
820219603762745344
820219563254149120
820219117475102720
820219011912925184
820218659771744256
820218263665831937
820218092966055937
820217521085235200
820217427258724353
820217116108423168
820216690839535616
820215634185179136
820215107896700928
820214472442679297
820214401542197248
820213151690063872
820212690023055362
820211727086354432
820211471435042817
820211355110244352
820211269257101313
820210879727882240
820210422422835200
820210279351021569
820209167076118528
820208675948261376
820208260582113280
820208242957709312
820207676957270016
820206786527555584
820205720780111872
820205664211439617
820205624826982400
820205605403197444
820205492484112384
820205483436965888
820205404693102592
820205346480386049
820202725162057729
820202670929625089
820200645202477056
820200567947612160
820199622790574084
820199275594297344
820199200923197442
820198878456795136
820197432957009920
820197261468635137
820195602801815552
820195041469722624
820194646244655104
820194083918540800
820193991710953475
820193945426792448
820193744540475393
820193182369644544
820192779758342144
820192419484418048
820190602591662080
820190526569934848
820190492856057856
820190386853412864
820189628938461184
820188292473909250
820186405808799745
820184768142786560
820181586675113984
820180236541325312
820180011944648704
820176568941248512
820176073237426178
820172811721437184
820172535014821888
820169295955185664
820163533027610624
820161451897798656
820153965400584193
820111418137645056
820091169791234050
820090728210726912
820083182896869378
820064717259608064
820058483638882304
820050374463750146
820049143158734849
820048163608416256
820047608798285824
820046584121532417
820044235177070592
820042745301651458
820042109336031232
820040783432708096
820038423830470658
820037993121611781
820031014131077120
820029815747149825
820029546414141440
820029205450813443
820025519345430528
820025500722667524
820023984943202305
820023853372047360
820020018406653952
820019986911498241
820018843242340352
820018768193736706
820018760664973312
820018718596075521
820018420750159876
820018407546486785
820015250682638337
820015178586738688
820009094614577152
820009019800690688
820008356941361153
819999412978143236
819998309142167553
819998045358215171
819996590387687425
819996125918797824
819994974318198785
819994648324272130
819994173080223745
819992235890638848
819991918654406658
819991541955657729
819990745876725760
819990215494434816
819989343192383490
819989269351698432
819988144116338689
819984530056577024
819980739274018816
819980376676376576
819978835928158208
819978821550166016
819978747143196673
819977873285058560
819976624691179521
819975956572020737
819975939081834496
819975461585453056
819972455641022464
819971365625360390
819971259324833792
819969388124192768
819968191648698372
819967529976287232
819966990500687876
819966278597300225
819965842377023488
819964704458207233
819964427541868545
819964395514171393
819962412774359040
819959602267693056
819959485779349505
819959061584158721
819958806943830017
819958531126337536
819958464697040896
819957883534188545
819957560409198596
819957443631476738
819957364719779842
819957025438363649
819956864716775424
819956705824014336
819956676459634688
819956672290574336
819956582201040896
819956129031667713
819955350292066304
819955088059994112
819953529083297792
819952458256580609
819952152013602819
819950897958625281
819950014847819776
819949146538934280
819948274316693505
819947542419009536
819947351133605889
819946716073967618
819946340834824193
819946264276172800
819946142981062656
819945988781527041
819945298835415041
819943537294843905
819942944354500609
819942935353585671
819942887353884677
819942729455112196
819942474135248897
819942245214392320
819942156144091137
819942138834288640
819940999220920320
819940493001981953
819939651272265730
819937058026205184
819935083457024000
819933242535137280
819933162914648069
819932541188788224
819932154369101824
819932015504031744
819930251434266624
819930170828161024
819929637727981568
819927887964934144
819927588999200768
819924270193278981
819922069567770624
819921514095120386
819921447724400640
819920624617455616
819920140196257793
819917546031902722
819917254858973186
819917009324568576
819913487761739776
819912079343779840
819910627833561091
819909854794051585
819908060877651973
819907724620271616
819907058556436484
819905958109413376
819903617264132096
819903445746520064
819902696425746432
819902143796838400
819902090831163394
819901912581623808
819897160720326656
819897085692702720
819896831538765824
819892856496254980
819888105520033794
819884455045267460
819881734032519168
819879741037641728
819878674791010304
819878593710923782
819878462026563585
819878457379319808
819877378608472065
819875264872251392
819875124665085953
819874138731008000
819873723108892672
819873677948944384
819866907713146881
819864438811619331
819861875890520066
819861201861672960
819860787183439872
819860550867939328
819859863765446656
819854054331400192
819853936823767040
819853525811425280
819851754733006848
819851520942501888
819850409363783680
819850131788931072
819848343572611072
819846606182817799
819845414685904896
819843337456906241
819842724811722752
819842545245032448
819840772228915200
819839409482846208
819838875665399808
819838487654498304
819838252706369536
819838042575925248
819837383059378177
819836805759594496
819836378078969856
819835573338836992
819835348222099456
819835302860771329
819835203308949504
819835148111904768
819835014368137216
819834913428045826
819834357267525632
819832724676628482
819832520577454081
819830917321596928
819830242768486400
819829308055228416
819826833231323136
819823060010287104
819822569176072192
819821771436294145
819821712548261888
819821630088212480
